POSITIVE:
4,4,0,0,3,3,3,7
1,1,2,2,2,2,2,2,2,2,4,4,4,4,4,0,4,4,4,4,4,4,4,0,0,0,0,4,0,0,0,0,0,0,2,6,6,6,6,2,6,6,6,6,6,6,6,2,2,0,0,0,0,1,1,1,1,1,1,1,1,1,1,3,3,3,7
4,3,3,3,3,3,3,3,3,3,3,3,3,3,3,3,3,3,3,3,3,3,3,3,3,3,3,3,3,3,3,3,3,3,3,3,3,3,3,3,3,3,3,3,2,2,2,2,4,4,4,4,0,3,7
3,3,3,3,3,3,3,3,3,3,3,3,3,3,3,3,3,4,4,4,4,4,4,0,0,0,0,0,0,0,0,0,0,0,0,0,0,0,3,3,3,7
4,4,0,3,3,3,7
1,1,1,1,4,0,4,4,4,2,2,4,4,4,4,4,4,0,0,0,4,4,4,4,4,4,0,0,0,0,0,2,3,3,3,3,3,7
4,2,2,2,2,2,2,2,4,4,4,4,4,4,4,0,0,3,7
4,4,0,0,0,0,0,4,4,4,4,0,0,0,0,3,3,3,7
4,4,4,0,3,3,3,3,7
4,4,0,4,0,2,2,2,2,0,0,4,0,0,4,4,4,4,4,0,3,7
3,3,3,3,3,3,3,2,2,2,2,4,0,0,3,3,7
4,4,0,0,0,0,0,3,3,3,3,7
2,4,0,4,1,4,0,3,7
4,4,4,4,4,0,0,3,3,7
2,2,2,2,2,2,2,2,2,2,2,2,2,2,4,4,4,0,0,2,2,3,3,7
1,1,1,1,4,4,4,0,0,0,0,3,3,3,7
3,3,3,3,3,3,3,3,3,3,3,3,3,3,3,3,3,3,3,3,3,3,3,3,3,3,3,3,3,3,3,3,3,3,3,3,3,3,3,3,3,3,3,3,3,3,3,3,3,3,3,3,3,3,3,3,3,3,3,3,3,3,3,3,3,3,3,3,3,3,3,3,3,3,3,3,3,3,3,3,3,3,3,3,4,4,4,0,0,0,0,0,0,0,3,3,3,3,3,3,3,3,7
4,4,0,3,7
4,4,4,4,4,4,4,4,0,0,0,0,3,3,3,3,7
4,4,1,1,1,1,1,1,1,1,1,1,4,4,4,4,4,0,0,0,3,3,3,3,3,7
4,4,0,0,0,3,3,3,3,7
2,4,4,0,0,0,0,4,0,0,0,0,4,0,0,0,0,0,4,4,0,0,0,4,4,0,0,3,3,3,3,7
4,4,4,1,1,1,1,1,1,1,1,1,1,1,1,1,1,1,1,1,1,1,1,1,1,1,1,1,3,3,3,3,3,3,4,4,0,0,2,2,2,3,7
NEGATIVE:
2,4,4,0,0,0
1,1,1,1,1,1,1,1,1,3,3,3,3,3,3
2,4,4,0,0,0,0,4,0,0,0,0
1,1,2,2,2,2,2,2,2,2,4,4,4,4,4,0,4,4,4,4,4,4,4,0,0,0,0,4,0,0,0
3,3,3,3,3,3,3,3,3,3,3,3,3,3,3,3,3,3,3,3,3
1,1,1,1,1,1,1,1,1,3,3
4,0,0,0,0,0,0,1,1,5,5,5,5,1,5,5,5,5,5,5,5,1,5,5,5,5,1,1,5,1,1,1,5,5,5,5,5,5,1,1,1,3,3,3,7,7,7,3,3,3
1,1,1,1,4,0,4,4,4,2,2,4,4,4,4,4,4,0,0,0,4
2,4,4,0,0,0,0,4,0,0,0,0,4,0,0,0,0,0,4,4,0,0,0,4,4,0,0,3
1,1,1,1,4,4,4,0,0,0,0,3,3,3
3,3,3,3,3,3,3,3,3,3,3,3,3,3,3,3,3,3,3,3,3,3,3,3,3,3,3,3,3,3,3,3,3,3,3,3,3,3,3,3,3,3,3,3,3,3,3,3,3,3,3,3,3,3,3,3,3,3,3,3,3,3,3,3,3,3,3,3,3,3,3,3,3,3,3,3,3,3,3,3,3,3,3,3,3,3,3,3,3,3,3,3,3,3,3,3,3,3,3,3,3,3,3,3,3,3,3,3,3,3,3,3,3,3,1,1,1,1,1,1,4,4,0,1,1,1,5,1,2,2,2
1,1,1,1,1,1,1,1,1,3,3,3,3,3,3,2,2,2,4,0
4,4,0,0,0,0,0,4,4,4,4,0,0,0
4,4,0,0,0,0,0,4,4,4,4,0,0,0,0,3,3,3
3,3,3,3,3,3,3,3,3,3,3,3,3,3,3,3,3,3,3,3,3,3,3,3,3,3,3,3,3,3,3,3,3,3,3,3,3,3,3,3,3,3,3,3,3,3,3,3,3,3,3,3,3,3,3,3,3,3,3,3,3,3,3,3,3,3,3,3,3,3,3,3,3,3,3,3,3,3,3,3,3,3,3,3,3,3,3,3,3,3,3,3,3,3,3,3,3,3,3,3,3
3,3,3,3,3,3,3,3,3,3,3,3,3,3,3,3,3,3,3,3,3,3,3,3,3,3,3,3,3,3,3,3,3,3,3,3,3,3,3,3,3,3,3,3,3,3,3,3,3,3,3,3,3,3,3,3,3,3,3,3,3,3,3,3,3,3,3,3,3,3,3,3,3,3,3,3,3,3,3,3,3,3,3,3,3,3,3,3,3,3,3,3,3,3,3,3,3,3,3,3,3,3,3,3,3,3,3,3,3,3,3,3
1,1,2,2,2,2,2,2,2,2,4,4,4,4,4,0,4,4,4,4,4,4,4,0,0,0,0,4,0
3,3,3,3,3,3,3,3,3,3,3,3,3,3,3,3,3,3,3,3,3,3,3,3,3,3,3,3,3,3,3,3,3,3,3,3,3,3,3,3,3,3,3,3,3,3,3,3,3,3,3,3,3,3,3,3,3,3,3,3,3,3,3,3,3,3,3,3,3,3,3,3,3,3,3,3,3,3,3,3,3,3,3,3,4,4
4,2
4,3,3,3,3,3,3,3,3,3
3,3,3,3,3,3,3,3,3,3,3,3,3,3,3,3,3,3,3,3,3,3,3,3,3,3,3,3,3,3,3,3,3,3,3,3,3,3,3,3,3,3,3,3,3,3,3,3,3,3,3,3,3,3,3,3,3,3,3,3,3,3,3,3,3,3,3,3,3,3,3,3,3,3,3,3,3,3,3,3,3,3,3,3,3,3,3,3,3,3,3,3,3,3,3,3
3,3,3,3,3,3,3,3,3,3,3,3,3,3,3,3,3,3,3,3,3,3,3,3,3,3,3,3,3,3,3,3,3,3,3,3,3,3,3,3,3,3,3,3,3,3,3,3,3,3,3,3,3,3,3,3,3,3,3,3,3,3,3,3,3,3,3,3,3,3,3,3,3,3,3,3,3
1,1,1,1,4,4,0,0,0,0,0,0,1,1,5,1,1,1,1,1,2,2,2,2,2,6,6,2,2,2,2,2,6,3,3,3,3,3
4,0,0,0,0,0,0,1,1,5,5,5,5,1,5,5,5,5,5,5,5,1,5,5,5,5,1,1,5,1,1,1,5,5,5,5,5,5,1,1,1,3,3,3,7,7,7,3,3,3,2,2,2,2,2,2,6,6
1,1,2,2,2,2,2,2,2,2,4,4,4,4,4
1,1,1,1,1,1,1,1,1,3,3,3,3,3,3,2,2,2,4,0,0,0,0,0,0,0,2,2,2,2,6,2,2,1,1,5,5,5,5,5,5,5,5,5,5,5,5,5,5,5,5,5,5,5,5,5,5,5,5,5,5,5,5,5,5,5,5,5,1,1,0,4,4,0,0,0,0,3,3,3,3,3,3,3,7,7,7,1,1,1,1,1,1,1,1
1,1,2,2,2,2,2,2,2,2,4,4,4,4,4,0,4,4,4,4
4,4,4,1,1,1,1,1,1,1,1,1,1,1,1,1,1
4,0,0,0,0,0,0,1,1,5,5,5,5,1,5,5,5,5,5,5,5,1,5,5,5,5,1,1,5,1,1,1,5,5,5,5,5,5,1,1,1,3,3,3,7,7,7,3,3,3,2,2,2,2,2,2,6,6,2,2,2,2,6,6,6
3,3,3,3,3,3,3,3,3,3,3,3,3,3,3,3,3,3,3,3,3,3,3,3,3,3,3,3,3,3,3,3,3,3,3,3,3,3,3,3,3,3,3,3,3
1,1,1,1,4,4,0,0,0,0,0,0,1,1,5,1,1,1,1,1,2,2,2,2,2,6,6,2,2,2,2,2,6,3,3,3,3,3,3,3,3,3,3,3,3,3,3,3,3,1,1,1,1,1,1,1,1,1,1,6
1,1,1,1,1,1,1,1,1,3,3,3,3,3,3,2,2,2,4,0,0,0,0,0,0,0,2,2,2,2,6,2,2,1,1,5,5,5,5,5,5,5,5,5,5,5,5,5,5
4,0,0,0,0,0,0,1,1,5,5,5,5,1,5,5,5,5,5,5,5,1,5,5,5,5,1,1,5
1,1,1,1,1,1,1,1,1,3,3,3,3,3,3,2,2,2,4,0,0
3,3,3,3,3,3,3,3,3,3,3,3,3,3,3,3,3,3,3,3,3,3,3,3,3,3,3,3,3,3,3,3,3,3,3,3,3,3,3,3,3,3,3,3,3,3,3,3,3,3,3,3,3,3,3,3,3,3,3,3,3,3,3,3,3,3,3,3,3,3,3,3,3,3,3,3,3,3,3,3,3,3,3,3,3,3,3,3,3,3,3,3,3,3,3,3,3,3,3,3,3,3,3,3,3,3,3,3,3,3,3,3,3,3,1,1,1,1,1,1,4,4,0,1,1,1,5,1,2,2,2,2,2,2,6
3,3,3,3,3,3,3,3,3,3,3,3,3,3,3,3,3,3,3,3,3,3,3,3,3,3,3,3,3,3,3,3,3,3,3,3,3,3,3,3,3,3,3,3,3,3,3,3,3,3,3,3,3,3,3,3,3,3,3,3,3,3,3,3,3,3,3,3,3,3,3,3,3,3,3,3,3,3,3,3,3,3,3,3,3,3,3,3,3,3,3,3,3,3,3,3,3,3,3,3,3,3,3,3,3,3
3,3,3,3,3,3,3,3,3,3,3,3,3,3,3,3,3,3,3,3,3,3,3,3,3,3,3,3,3,3,3,3,3,3,3,3,3,3,3,3,3,3,3,3,3,3,3,3,3,3,3,3,3,3,3,3,3,3,3,3,3,3,3,3,3,3,3,3,3,3,3,3,3,3,3,3,3,3,3,3,3,3,3,3,3,3,3,3,3,3,3,3,3,3,3,3,3,3,3,3,3,3
1,1,1,1,1,1,1,1,1,3,3,3,3,3,3,2,2,2,4,0,0,0,0,0,0,0,2,2,2,2,6,2,2,1,1,5,5,5,5,5
1,1,1,1,4,4,0,0,0,0,0,0,1,1,5,1,1,1,1,1,2,2,2,2,2,6,6,2,2,2,2,2,6,3,3,3,3,3,3,3,3,3,3,3,3,3,3,3
1,1,1,1,4,4,0,0,0,0,0,0,1,1,5,1,1,1,1,1,2,2,2,2,2,6,6,2,2,2,2,2,6,3,3,3,3
1,1,1,1,4,4,4,0,0,0,0
2,2,2,2,2,2,2,2,2,2,2,2,2,2,4,4,4,0,0,2,2,3,3
3,3,3,3,3,3,3,3,3,3,3,3,3,3,3,3,3,3,3,3,3,3,3,3,3,3,3,3,3,3,3,3,3,3,3,3,3,3,3,3,3,3,3,3,3,3,3,3,3,3,3,3,3,3,3,3,3,3,3,3,3,3,3,3,3,3,3,3,3,3,3
4,0,0,0,0,0,0,1,1,5,5,5,5,1,5,5,5,5,5
3,3,3,3,3,3,3,3,3,3,3,3,3,3,3,3,3,3,3,3,3,3,3,3,3,3,3,3,3,3,3,3,3,3,3,3,3,3,3,3,3,3,3,3,3,3,3,3,3,3,3,3,3,3,3,3,3,3,3,3,3,3,3,3,3,3,3,3,3,3,3,3,3,3,3,3,3,3,3,3,3,3,3,3,3,3,3,3,3,3,3,3,3,3,3,3,3,3,3,3,3,3,3,3,3,3,3,3,3,3,3,3,3,3,1,1,1,1,1
1,1,2,2,2,2,2,2,2,2,4,4,4,4,4,0,4,4,4,4,4,4,4,0
3,3,3,3,3,3,3,3,3,3,3,3,3,3,3,3,3,3,3,3,3,3,3,3,3,3,3,3,3,3,3,3,3,3,3,3,3,3,3,3,3,3,3,3,3,3,3,3,3,3,3,3,3,3,3,3,3,3,3,3,3,3,3,3,3,3,3,3,3,3,3,3,3,3,3,3,3,3,3,3,3,3,3,3,4,4,4,0,0,0,0,0,0,0,3,3,3,3,3,3
4,2,2,2,2,2,2,2,4
4,0,0,0,0,0,0,1,1,5,5,5,5,1,5,5,5,5,5,5,5,1,5,5,5,5,1,1,5,1,1,1,5,5
3,3,3,3,3,3,3,3,3,3,3,3,3,3,3,3
1,1,2,2,2,2,2,2,2,2
1,1,1,1,4,0,4,4,4,2,2,4,4,4,4,4,4,0,0,0,4,4
4,4,0,0,0,0,0,4,4,4,4
4,4,4,1,1,1,1,1,1,1,1,1,1,1,1,1,1,1,1,1,1,1,1,1,1,1,1,1,3
2,4,0
4,0,0,0,0,0,0
1,1,2,2,2,2,2,2,2,2,4,4,4,4,4,0,4,4,4,4,4,4,4,0,0,0,0,4,0,0,0,0,0,0
4,0,0,0,0,0,0,1,1,5,5,5,5,1,5,5,5,5
4,4,0,0,0,0,0,3
4,4,4,1,1,1,1,1,1,1,1,1,1,1,1,1,1,1,1,1,1,1,1,1,1,1,1,1
1,1,1,1,1,1,1,1,1,3,3,3,3,3,3,2,2,2,4,0,0,0,0,0,0,0,2,2,2,2,6,2,2,1,1,5,5,5,5,5,5,5,5,5,5,5,5,5,5,5,5,5,5,5,5,5,5,5,5,5
1,1,1,1,1,1,1,1,1,3,3,3,3,3,3,2,2,2,4,0,0,0,0,0,0,0,2,2,2,2,6,2
1,1,2,2,2,2,2,2,2,2,4,4,4,4,4,0,4,4,4,4,4,4,4,0,0,0,0,4,0,0,0,0,0,0,2,6,6,6,6,2,6,6,6,6,6,6,6,2,2,0,0,0,0,1,1,1,1,1,1,1,1,1,1,3,3
2,4,4,0,0,0,0,4,0,0,0,0,4,0,0,0,0,0,4,4,0,0,0
3,3,3,3,3,3,3,3,3,3,3,3,3,3,3,3,3,3,3,3,3,3,3,3,3,3,3,3,3,3,3,3,3,3,3,3,3,3,3,3,3,3,3,3,3,3,3,3,3,3,3,3,3,3,3,3,3,3,3,3,3,3,3,3,3,3,3,3,3,3,3,3,3,3,3,3,3,3,3,3,3,3,3,3,3,3,3,3,3,3,3,3,3,3,3,3,3,3,3,3,3,3,3
4,4,1,1,1,1,1,1,1
4,4,4,1,1,1,1,1,1,1,1,1,1,1,1,1,1,1,1,1,1
2,4,4,0,0
1,1,1,1,4,4,0,0,0,0,0,0
4,3,3,3,3,3,3,3,3,3,3,3,3,3
4,4,1,1,1,1,1,1,1,1,1,1,4,4,4
3,3,3,3,3,3,3,3,3,3,3,3,3,3,3,3,3,3,3,3,3,3,3,3,3,3,3,3,3,3,3,3,3,3,3,3,3,3,3,3,3,3,3,3,3,3,3,3,3,3,3,3,3,3,3,3,3,3,3,3,3,3,3,3,3,3,3,3,3,3
4,3,3,3,3,3,3,3,3,3,3,3,3,3,3,3,3,3,3,3,3,3,3,3,3,3,3,3,3,3,3,3,3,3,3,3,3,3,3,3,3,3,3,3,2,2,2,2,4,4,4,4
1,1,1,1,1,1,1,1,1,3,3,3,3,3,3,2,2,2,4,0,0,0,0,0,0,0,2,2,2,2,6,2,2,1,1,5,5,5,5,5,5,5,5,5,5,5,5,5,5,5,5,5,5,5,5
4,0,0,0,0,0
3,3,3,3,3,3,3,3,3,3,3,3,3,3,3,3,3,3,3,3,3,3,3,3,3,3,3,3,3,3,3,3,3,3,3,3,3,3,3,3,3,3,3,3,3,3,3,3,3,3,3,3,3,3,3,3,3,3,3,3,3,3,3,3,3,3,3,3,3,3,3,3,3,3,3,3,3,3,3,3,3,3,3,3,3,3,3,3,3,3,3,3,3,3,3,3,3,3,3,3,3,3,3,3,3,3,3,3,3,3,3,3,3,3,1,1,1,1,1,1,4,4,0,1,1,1
2,4,4,0,0,0,0,4
4,0,0
1,1,1,1,4,0,4
1,1,1,1,4,4,0,0,0,0,0,0,1,1,5,1,1,1,1,1,2,2,2,2,2,6,6,2,2,2,2,2,6,3,3,3,3,3,3,3,3,3,3,3,3,3,3,3,3,1,1,1,1,1,1,1,1,1,1,6,6,6,6,2,2,6,6,6,6,6,6,6,2,2,3,3,3
3,3,3,3,3,3,3,3,3,3,3,3,3,3,3,3,3,3,3,3,3,3,3,3,3,3,3,3,3,3,3,3,3,3,3,3,3,3,3,3
3,3,3,3,3,3,3,3,3,3,3,3,3,3,3,3,3,3,3,3,3,3,3,3,3,3,3,3,3,3,3,3,3,3,3,3,3,3,3,3,3,3,3,3,3,3,3,3,3,3,3,3,3,3,3,3,3,3,3,3,3,3,3,3,3,3,3,3,3,3,3,3,3,3,3,3,3,3,3,3,3,3,3,3,3,3,3,3,3,3,3,3,3,3,3,3,3,3,3,3
1,1,1,1,4,4,0,0,0,0,0,0,1,1,5,1,1,1,1,1,2,2
3,3,3,3,3,3,3,2,2,2,2,4,0,0,3,3
4,3,3,3,3,3,3,3,3,3,3,3,3,3,3,3,3,3,3,3,3,3,3,3,3,3,3,3,3,3,3,3,3,3,3,3,3,3,3,3
1,1,2,2,2,2,2,2,2,2,4,4,4,4,4,0,4,4,4,4,4,4,4,0,0,0,0,4,0,0,0,0,0,0,2,6,6,6,6,2,6,6,6,6,6,6,6,2,2,0,0,0,0,1,1,1,1,1,1,1,1,1,1
1,1,1,1,1,1,1,1,1,3,3,3,3,3,3,2,2,2,4,0,0,0,0,0,0,0,2,2,2,2,6,2,2
4,0,0,0,0,0,0,1,1,5,5,5,5
1,1,1,1,4,4,0,0,0,0,0,0,1,1,5,1,1,1,1,1,2,2,2,2,2,6,6,2,2,2,2,2,6,3,3,3,3,3,3,3,3,3,3,3,3,3,3,3,3,1,1,1,1,1,1,1,1,1,1,6,6,6,6,2,2,6,6,6,6,6,6,6,2,2,3,3,3,3,3,3
1,1,1,1,4,4,0,0,0,0,0,0,1,1,5,1,1,1,1,1
3,3,3,3,3,3,3,3,3,3,3,3,3,3,3,3,3,3,3,3,3,3,3,3,3,3,3,3,3,3,3,3,3,3,3,3,3,3,3,3,3,3,3,3,3,3,3,3,3,3,3,3,3,3,3,3,3,3,3,3,3,3,3,3,3,3,3,3,3,3,3,3,3,3,3,3
3,3,3,3,3,3,3,2,2,2
3
1,1,1,1,1,1,1,1,1,3,3,3,3,3,3,2,2,2,4,0,0,0,0,0,0,0,2,2,2,2,6,2,2,1,1,5,5,5,5,5,5,5,5,5,5,5,5,5,5,5,5,5,5,5,5,5,5,5,5,5,5,5,5,5,5,5,5,5,1,1,0,4,4,0,0,0,0,3,3,3,3,3,3,3,7,7,7,1,1,1,1,1,1,1
4,4,4,1,1,1,1,1,1,1,1,1,1,1,1,1,1,1,1,1,1,1,1,1,1,1,1,1,3,3,3,3
4,3,3,3,3,3,3,3,3,3,3,3,3,3,3,3,3,3,3,3,3,3,3,3,3,3,3,3,3,3
3,3,3,3,3,3,3,3,3,3,3,3,3,3,3,3,3,4,4,4,4,4,4,0,0,0,0,0,0,0
4,4,4,4,4,0,0,3,3
3,3,3
4,0,0,0,0,0,0,1,1,5,5,5,5,1,5,5,5,5,5,5,5,1,5
2,2,2,2,2,2,2
1,1,1,1,4,4,0,0,0,0,0,0,1,1,5,1,1,1,1,1,2,2,2,2,2,6,6,2,2,2,2,2,6,3,3,3,3,3,3,3,3,3,3,3,3,3,3,3,3,1,1,1,1,1
3,3,3,3,3,3,3,3,3,3,3,3,3,3,3,3,3,3,3,3,3,3,3,3,3,3,3,3,3,3,3,3,3,3,3,3,3,3,3,3,3,3,3,3,3,3,3,3,3,3,3,3,3,3,3,3,3,3,3,3,3,3,3,3,3,3,3,3,3,3,3,3,3,3,3,3,3,3,3,3,3,3,3,3,3,3,3,3,3,3,3,3,3,3,3,3,3,3,3,3,3,3,3,3,3,3,3,3,3,3,3,3,3,3,1,1,1,1,1,1,4,4,0,1,1,1,5,1,2,2,2,2,2,2,6,6,6,6,6,6,6,2
3,3,3,3,3,3,3,3,3,3,3,3,3,3,3,3,3,3,3,3,3,3,3,3,3,3,3,3,3,3,3,3,3,3,3,3,3,3,3,3,3,3,3,3,3,3,3,3,3,3,3,3,3,3,3,3,3,3,3,3,3,3,3,3,3,3,3,3,3,3,3,3,3,3,3,3,3,3,3,3,3,3,3,3,3,3,3,3,3,3,3,3,3,3,3,3,3,3,3,3,3,3,3,3,3,3,3,3,3,3,3,3,3,3,1,1,1,1,1,1,4,4,0
1,1,1,1,1,1,1,1,1,3,3,3
4,4,0,0,0,0,0,4,4,4,4,0,0
1,1,1,1,4,0,4,4,4,2,2,4,4,4,4,4,4,0,0,0,4,4,4,4,4,4,0,0,0,0,0,2
4,3,3,3,3,3,3,3,3,3,3
4,3,3,3,3,3,3,3,3,3,3,3,3,3,3,3,3,3,3,3,3,3,3,3,3,3,3,3,3,3,3,3,3,3,3
3,3,3,3,3,3,3,3,3,3,3,3,3,3,3,3,3,3,3,3,3,3
3,3,3,3,3,3,3,3,3,3,3,3,3,3,3,3,3,3,3,3,3,3,3,3,3,3,3,3,3,3,3,3,3,3,3,3,3,3,3,3,3,3,3,3,3,3,3,3,3,3,3,3,3,3,3,3,3,3,3,3,3,3,3,3,3,3
3,3,3,3,3,3,3,3,3,3,3,3,3,3,3,3,3,3,3,3,3,3,3,3,3,3,3,3,3,3,3,3,3,3,3,3,3,3,3,3,3,3,3,3,3,3,3,3,3,3,3,3,3,3,3,3,3,3,3,3,3,3,3,3,3,3,3,3,3,3,3,3,3,3,3,3,3,3,3,3,3,3,3,3,3,3,3,3,3,3,3,3,3,3,3,3,3,3,3,3,3,3,3,3,3,3,3,3,3,3,3,3,3,3,1,1,1,1,1,1,4,4,0,1,1,1,5,1,2,2,2,2,2,2,6,6,6,6,6,6,6,2,3,7,7,7,7,7,7
3,3,3,3,3,3,3,3,3,3,3,3,3,3,3,3,3,3,3,3,3,3,3,3,3,3,3,3,3,3,3,3,3,3,3,3,3,3,3,3,3,3,3,3,3,3,3,3,3,3,3,3,3,3,3,3,3,3,3,3,3,3,3,3,3,3,3,3,3,3,3,3,3,3,3,3,3,3,3,3,3,3
1,1,2,2,2,2,2,2,2,2,4,4,4,4,4,0,4,4,4,4,4,4,4,0,0,0,0,4,0,0,0,0,0,0,2,6,6,6,6,2,6,6,6,6,6,6,6,2,2,0,0,0,0,1,1,1,1,1,1
1,1,1,1,1,1,1,1,1,3,3,3,3,3,3,2,2,2,4,0,0,0,0,0,0,0,2,2,2,2,6,2,2,1,1,5,5,5,5,5,5,5,5,5,5,5,5,5,5,5,5,5,5,5,5,5,5,5,5,5,5,5,5,5,5,5,5,5,1,1,0,4,4,0,0,0,0,3,3,3,3,3,3,3,7,7,7
1,1,1,1,4,0,4,4,4,2
2,2,2,2,2,2,2,2,2,2,2,2
3,3,3,3,3,3,3,3,3,3,3,3,3,3,3,3,3,4,4,4,4,4,4,0,0,0,0,0,0,0,0
3,3,3,3,3,3,3,3,3,3,3,3,3,3,3,3,3,4,4,4
1,1,1,1,4,4,0,0,0,0,0,0,1,1,5,1,1,1,1,1,2,2,2,2,2,6,6,2,2,2,2,2,6,3,3,3,3,3,3,3,3,3,3,3,3,3,3,3,3,1,1,1,1,1,1,1,1,1,1,6,6,6,6,2
3,3,3,3,3,3,3,3,3,3,3,3,3,3,3,3,3,3,3,3,3,3,3,3,3,3,3,3,3,3,3,3,3,3,3,3,3,3,3,3,3,3,3,3,3,3,3,3,3,3,3,3,3,3,3,3,3,3,3,3,3,3,3,3,3,3,3,3,3,3,3,3,3,3,3,3,3,3,3,3,3,3,3,3,3,3,3,3,3,3,3,3,3,3,3,3,3
1,1,1,1,1,1,1,1,1
3,3,3,3,3,3,3
4,0,0,0,0
4,4,0,4,0,2,2,2,2
1,1,2,2,2,2,2,2,2,2,4,4,4,4,4,0,4,4,4,4,4,4,4,0,0,0,0,4,0,0,0,0,0,0,2,6,6,6,6,2,6,6,6,6,6,6,6,2,2,0
3,3,3,3,3,3,3,3,3,3,3,3,3,3,3,3,3,3,3,3,3,3,3,3,3,3,3,3,3,3,3,3,3,3,3,3,3,3,3,3,3,3,3,3,3,3,3,3,3,3,3,3,3,3,3,3,3,3
2,2,2,2,2,2,2,2,2,2,2,2,2,2,4,4
1,1,1,1,4,4,4,0,0,0
3,3,3,3,3,3,3,3,3,3,3,3,3,3,3,3,3,3,3,3,3,3,3,3,3,3,3,3,3,3,3,3,3,3,3,3,3,3,3,3,3,3,3,3,3,3,3,3,3,3,3,3,3,3,3,3,3,3,3,3,3,3,3,3,3,3,3,3,3,3,3,3,3,3,3,3,3,3,3,3,3,3,3,3,3,3,3,3,3,3,3,3,3,3,3,3,3,3,3,3,3,3,3,3,3,3,3,3,3,3,3,3,3,3,1,1
3,3,3,3,3,3,3,3,3,3,3,3,3,3,3,3,3,3,3,3,3,3,3,3,3,3,3,3,3,3,3,3,3,3,3,3,3,3,3,3,3
3,3,3,3,3,3,3,3,3,3,3,3,3,3,3,3,3,3,3,3,3,3,3,3,3,3,3,3,3,3,3,3,3,3,3,3,3,3,3,3,3,3,3,3,3,3,3,3,3,3,3,3,3,3,3,3,3,3,3,3,3,3,3,3,3,3,3,3,3,3,3,3,3,3,3,3,3,3,3,3,3,3,3,3,3,3,3,3,3,3,3
3,3,3,3,3,3,3,3,3,3,3,3,3,3,3,3,3,3,3,3,3,3,3,3,3,3,3,3,3,3,3,3,3,3,3,3,3,3,3,3,3,3,3,3,3,3,3,3,3,3,3,3,3,3,3,3,3,3,3,3,3,3,3,3,3,3,3,3,3,3,3,3,3,3,3,3,3,3,3,3,3,3,3,3,3,3,3,3,3,3,3,3,3,3,3,3,3,3,3,3,3,3,3,3,3,3,3,3,3,3,3,3,3,3,1,1,1,1,1,1,4,4,0,1,1
3,3,3,3,3,3,3,3,3,3,3,3,3,3,3,3,3,3,3,3,3,3,3,3,3,3,3,3,3,3,3,3,3,3,3,3,3,3,3,3,3,3,3,3,3,3,3,3,3,3,3,3,3,3,3,3,3,3,3,3,3,3,3,3,3,3,3,3,3,3,3,3,3,3,3,3,3,3,3,3,3,3,3,3,4,4,4,0,0,0,0,0,0
1,1,2,2,2,2,2,2,2,2,4,4,4,4,4,0,4,4,4,4,4,4,4
4,3,3,3,3,3,3,3,3,3,3,3,3,3,3,3,3,3,3,3,3,3,3,3,3,3,3,3,3,3,3,3,3,3,3,3,3
3,3,3,3,3,3,3,2,2
4,3,3,3,3,3,3,3,3,3,3,3,3,3,3,3,3,3,3,3,3,3,3,3,3
1,1,1,1,4,0
1,1,1,1,1,1,1,1,1,3,3,3,3,3,3,2,2,2,4,0,0,0,0,0,0,0,2,2,2,2,6,2,2,1,1,5,5,5,5,5,5,5,5,5,5,5,5,5,5,5,5,5,5,5,5,5,5,5,5,5,5,5,5,5,5,5,5,5,1,1,0,4,4,0,0,0,0,3,3,3,3,3,3,3,7,7,7,1,1,1,1
1,1,1,1,4,4,0,0,0,0,0,0,1,1,5,1,1,1,1,1,2,2,2,2,2,6,6,2,2,2,2,2,6,3,3,3,3,3,3,3,3,3,3,3,3,3,3,3,3,1,1,1,1,1,1,1,1,1,1,6,6,6
1,1,1,1,4,4,0,0,0,0,0,0,1,1,5,1,1
1,1,2,2,2,2,2,2,2,2,4,4,4,4,4,0,4,4,4,4,4,4,4,0,0,0,0,4
3,3,3,3,3,3,3,3,3,3,3,3,3,3,3,3,3,3,3,3,3,3,3,3,3,3,3,3,3,3,3,3,3,3,3,3,3,3,3,3,3,3,3,3,3,3,3,3,3,3,3,3,3,3,3,3,3,3,3,3,3,3,3,3,3,3,3,3,3,3,3,3,3,3,3,3,3,3,3,3
4,4,4,4,4,4,4,4,0,0,0,0,3
3,3,3,3,3,3,3,3,3,3,3,3,3,3,3,3,3,3,3,3,3,3,3,3,3,3,3,3,3
1,1,1,1,1,1,1,1,1,3,3,3,3,3,3,2,2,2,4,0,0,0
3,3,3,3,3,3,3,3,3,3,3,3,3,3,3,3,3,3,3,3,3,3,3,3,3,3,3,3,3,3,3,3,3,3,3,3,3,3,3,3,3,3,3,3,3,3,3,3,3,3,3,3,3,3,3,3,3,3,3,3,3,3,3,3,3,3,3,3,3,3,3,3,3,3,3,3,3,3,3,3,3,3,3,3,3,3,3,3,3,3,3,3,3,3,3,3,3,3,3,3,3,3,3,3,3,3,3,3,3,3,3,3,3,3,1,1,1,1,1,1,4,4,0,1,1,1,5,1,2,2,2,2,2,2,6,6,6,6,6,6,6,2,3,7,7
4,0,0,0,0,0,0,1,1,5,5,5,5,1,5,5,5,5,5,5,5,1,5,5,5,5,1,1,5,1,1,1,5,5,5,5,5,5,1,1,1,3,3,3,7,7,7,3,3,3,2,2,2,2,2,2,6,6,2,2,2,2,6,6
3,3,3,3,3,3,3,3,3,3,3,3
1,1,1,1,1,1,1,1,1,3,3,3,3,3,3,2,2,2,4,0,0,0,0,0,0,0,2,2,2,2,6,2,2,1,1,5,5,5,5,5,5,5,5,5,5,5,5,5,5,5,5,5,5,5,5,5,5,5,5,5,5,5,5,5,5,5,5,5,1,1,0,4,4,0,0,0,0,3,3,3,3,3,3
1,1,1,1,4,4,0,0,0,0,0,0,1,1,5,1,1,1,1,1,2,2,2,2,2,6,6,2,2,2,2,2,6,3,3,3,3,3,3,3,3,3
1,1,1,1,4,4,0
1,1,2,2,2,2,2,2,2,2,4,4,4,4,4,0,4,4,4,4,4,4,4,0,0,0,0,4,0,0
3,3,3,3,3,3,3,3,3,3,3,3,3,3,3,3,3,3,3,3,3,3,3,3,3
1,1,1,1,1,1,1,1,1,3,3,3,3,3,3,2,2,2,4,0,0,0,0,0,0,0,2,2,2,2,6,2,2,1,1,5,5,5,5,5,5,5,5,5,5
4,3,3,3,3,3,3,3,3,3,3,3,3,3,3,3,3,3,3,3,3,3,3,3,3,3,3,3,3
3,3,3,3,3,3,3,3,3,3,3,3,3,3,3,3,3,4,4,4,4,4,4,0,0,0,0,0,0,0,0,0,0,0,0,0,0,0,3
3,3,3,3,3,3,3,3,3,3,3,3,3,3,3,3,3,3,3,3,3,3,3,3,3,3,3,3,3,3,3,3,3,3,3,3,3,3,3,3,3,3,3,3,3,3,3,3,3,3,3,3,3,3,3,3,3,3,3,3,3,3,3,3,3,3,3,3,3,3,3,3,3,3,3,3,3,3,3,3,3,3,3,3,4,4,4,0,0,0
4,4,4,4
2
1,1,1,1,1,1,1,1,1,3,3,3,3,3,3,2,2,2,4,0,0,0,0,0,0,0,2,2,2,2,6,2,2,1,1,5,5,5,5
4,0,0,0,0,0,0,1,1,5,5,5,5,1,5,5,5,5,5,5,5,1,5,5,5,5
3,3,3,3,3
1,1,1,1,1,1,1,1,1,3,3,3,3,3,3,2,2,2,4,0,0,0,0,0,0,0,2,2,2,2,6,2,2,1,1,5,5,5,5,5,5,5,5,5,5,5,5,5
3,3,3,3,3,3,3,3,3,3,3,3,3,3,3,3,3,3,3,3,3,3,3,3,3,3,3,3,3,3,3,3,3,3,3,3,3,3,3,3,3,3,3,3,3,3,3,3,3,3,3,3,3,3,3,3,3,3,3,3,3,3,3,3,3,3,3,3,3,3,3,3,3,3,3,3,3,3,3,3,3,3,3,3,3,3,3,3,3,3,3,3,3,3,3,3,3,3,3,3,3,3,3,3,3,3,3,3,3,3,3,3,3,3,1,1,1,1,1,1,4,4,0,1,1,1,5,1,2,2,2,2,2,2,6,6,6,6,6,6,6,2,3
4,2,2,2,2,2,2,2
4,4,4,1,1,1,1,1,1,1,1,1,1,1,1,1,1,1,1,1,1,1,1,1,1,1,1,1,3,3,3,3,3,3
4,4,1
1,1,1,1,4,0,4,4,4,2,2,4,4,4,4,4
3,3,3,3,3,3,3,3,3,3,3,3,3,3,3,3,3,3,3,3,3,3,3,3,3,3,3,3,3,3,3,3,3,3,3,3,3,3,3,3,3,3,3,3,3,3,3,3,3,3,3,3,3,3,3,3,3,3,3,3,3,3,3,3,3,3,3,3,3,3,3,3,3,3,3,3,3,3,3,3,3,3,3,3,3,3,3,3,3,3,3,3,3,3,3,3,3,3,3,3,3,3,3,3,3,3,3,3,3,3,3,3,3,3,1,1,1,1,1,1,4,4,0,1,1,1,5,1,2,2,2,2,2,2,6,6,6,6,6
4,4,4,1,1,1,1,1,1,1,1
4,4,4,1,1,1,1,1,1,1,1,1,1,1,1,1,1,1,1,1
4,0,0,0,0,0,0,1,1,5,5
4,4,4,1,1,1,1,1,1,1,1,1
1,1,1,1,4
3,3,3,3,3,3,3,3,3,3,3,3,3,3,3,3,3,3,3,3,3,3,3,3,3,3,3,3,3,3,3,3,3,3,3,3,3,3,3,3,3,3,3,3,3,3,3,3,3,3,3,3,3
4,0,0,0,0,0,0,1,1,5,5,5,5,1,5,5,5,5,5,5,5,1,5,5
4,2,2,2,2,2,2,2,4,4
3,3,3,3,3,3,3,3,3,3,3,3,3,3,3,3,3,3,3,3,3,3,3
3,3,3,3,3,3,3,3,3,3,3,3,3,3,3,3,3,4,4,4,4,4,4,0,0
1,1,1,1,1,1,1,1,1,3,3,3,3,3,3,2,2,2,4
1,1,1,1,4,4
1,1,2,2,2,2,2,2,2,2,4,4,4,4,4,0,4,4,4,4,4,4,4,0,0,0,0,4,0,0,0,0
3,3,3,3,3,3,3,3,3,3,3,3,3,3,3,3,3,3,3,3,3,3,3,3,3,3,3,3,3,3,3
1,1,1,1,4,4,0,0,0,0,0,0,1,1,5,1,1,1,1,1,2,2,2,2,2,6,6,2,2,2,2,2,6,3,3,3,3,3,3,3
4,0,0,0,0,0,0,1,1,5,5,5,5,1,5,5,5,5,5,5,5,1,5,5,5,5,1,1,5,1,1,1,5,5,5,5,5,5,1,1,1,3,3,3,7,7,7,3,3,3,2,2,2,2
4,4,4,1,1,1,1,1,1
3,3,3,3,3,3,3,3,3,3,3,3,3,3,3,3,3,3,3,3,3,3,3,3,3,3,3,3,3,3,3,3,3,3,3,3,3,3
4,3,3,3,3,3,3,3,3,3,3,3,3,3,3,3,3,3,3,3,3,3,3,3,3,3,3,3,3,3,3,3,3
1,1,1,1
4,4,0,0,0
4,4,0,0,0,0,0,4,4,4,4,0,0,0,0,3
1,1,1,1,4,4,4,0,0,0,0,3,3
1,1,1,1,1,1,1,1,1,3,3,3,3,3,3,2,2,2,4,0,0,0,0,0,0,0,2,2,2,2,6,2,2,1,1,5,5,5,5,5,5,5,5,5,5,5,5,5,5,5,5,5,5,5,5,5,5,5,5,5,5,5,5,5,5,5
2,2,2,2,2,2
1,1,1,1,1,1,1,1,1,3,3,3,3,3,3,2,2,2,4,0,0,0,0,0,0,0,2,2,2,2,6,2,2,1,1,5,5,5,5,5,5,5,5,5,5,5,5,5,5,5,5,5,5,5,5,5,5,5,5,5,5,5,5,5,5,5,5,5
3,3,3,3,3,3,3,3,3,3,3,3,3,3,3,3,3,4,4,4,4,4,4
3,3,3,3,3,3,3,3,3,3,3,3,3,3,3,3,3,3,3,3,3,3,3,3,3,3,3,3,3,3,3,3,3,3,3,3,3,3,3,3,3,3,3,3,3,3,3,3,3,3,3,3,3,3,3,3,3,3,3,3,3,3,3,3,3,3,3,3,3
1,1,1,1,1,1,1,1,1,3,3,3,3,3,3,2,2,2,4,0,0,0,0,0,0,0,2,2,2,2,6,2,2,1,1,5,5,5,5,5,5,5,5,5,5,5,5,5,5,5,5,5,5,5,5,5,5
2,4,0,4,1,4,0,3
4,4,4,0,3,3,3
1,1,2,2,2,2,2,2,2,2,4,4,4,4,4,0,4,4,4,4,4,4,4,0,0,0,0,4,0,0,0,0,0,0,2,6,6,6,6,2,6,6,6,6,6,6,6,2,2,0,0,0,0,1,1,1,1,1,1,1,1,1,1,3,3,3
2,4,4,0,0,0,0,4,0,0,0,0,4,0,0,0,0,0,4,4,0,0,0,4,4,0,0,3,3
4,4,4,4,4,4,4,4,0,0,0
4,2,2,2,2,2,2,2,4,4,4,4,4,4,4,0,0
4,4,4,4,4,4,4,4,0,0,0,0,3,3,3,3
4,4,4,1,1,1,1,1,1,1,1,1,1,1,1,1,1,1,1,1,1,1,1,1
4,3,3,3,3,3,3,3,3,3,3,3,3,3,3
4,4,1,1,1,1,1
1,1,2,2,2,2,2,2,2,2,4,4,4,4,4,0,4
4,4,4,1,1,1,1,1,1,1,1,1,1,1,1,1,1,1,1,1,1,1,1,1,1,1,1,1,3,3,3,3,3,3,4,4,0,0,2,2,2
3,3,3,3,3,3,3,3,3,3,3,3,3,3,3,3,3,3,3,3,3,3,3,3,3,3,3,3,3,3,3,3,3,3,3,3,3,3,3,3,3,3,3,3,3,3,3,3,3,3,3,3,3,3,3,3,3,3,3,3,3,3,3,3,3,3,3,3,3,3,3,3,3,3,3,3,3,3,3,3,3,3,3,3,4,4,4,0
3,3,3,3,3,3,3,3,3,3,3,3,3,3,3,3,3,3,3,3,3,3,3,3,3,3,3,3,3,3,3,3,3,3,3,3,3,3,3,3,3,3,3,3,3,3,3,3,3,3,3,3,3,3,3,3,3,3,3,3,3,3,3,3,3,3,3,3,3,3,3,3,3,3,3,3,3,3,3,3,3,3,3,3,3,3,3,3,3,3,3,3,3,3,3,3,3,3,3,3,3,3,3,3,3,3,3,3,3,3,3,3,3,3,1,1,1,1,1,1
1,1,2,2,2,2,2,2,2,2,4,4,4,4,4,0,4,4
1,1,2,2,2,2,2,2,2,2,4,4,4,4,4,0,4,4,4,4,4,4,4,0,0,0,0,4,0,0,0,0,0,0,2,6,6,6,6,2,6,6,6,6,6,6,6,2,2
1,1,1,1,4,4,0,0,0,0,0,0,1,1,5,1,1,1,1,1,2,2,2,2,2,6,6,2,2,2,2,2,6,3,3,3,3,3,3,3,3,3,3,3,3,3,3,3,3,1,1,1,1,1,1,1,1,1,1,6,6,6,6,2,2,6,6,6,6,6,6,6,2,2,3,3,3,3
1,1,1,1,4,4,0,0,0,0,0
4,2,2,2
4,0,0,0,0,0,0,1,1,5,5,5,5,1,5,5,5,5,5,5,5,1,5,5,5,5,1,1,5,1,1,1,5,5,5,5,5,5,1,1,1,3,3,3,7,7,7,3
1,1,1,1,1,1,1,1,1,3,3,3,3,3,3,2,2,2,4,0,0,0,0,0,0,0,2,2,2,2,6,2,2,1,1,5,5,5,5,5,5,5,5,5,5,5,5,5,5,5,5,5,5,5,5,5,5,5,5,5,5,5,5,5,5,5,5,5,1,1,0,4,4
1,1,1,1,4,4,0,0,0,0,0,0,1,1,5,1,1,1,1,1,2,2,2,2,2,6,6,2,2,2,2,2,6,3,3
1,1,1,1,1,1,1,1,1,3,3,3,3,3,3,2,2,2,4,0,0,0,0,0,0,0,2,2,2,2,6,2,2,1,1,5,5,5,5,5,5,5,5,5,5,5,5,5,5,5,5,5,5,5,5,5,5,5,5,5,5,5,5,5,5,5,5,5,1,1,0,4,4,0
3,3,3,3,3,3,3,3,3,3,3,3,3,3,3,3,3,3,3,3,3,3,3,3,3,3,3,3,3,3,3,3,3,3,3,3,3,3,3,3,3,3,3,3,3,3,3,3,3,3,3,3,3,3,3,3,3,3,3,3,3,3,3,3,3,3,3,3,3,3,3,3,3,3,3,3,3,3,3,3,3,3,3,3,3,3,3,3,3,3,3,3,3,3,3,3,3,3,3,3,3,3,3,3,3,3,3,3,3,3,3,3,3,3,1,1,1,1
4,4,4,4,4,4,4
3,3,3,3,3,3,3,3,3,3,3,3,3,3,3,3,3,3,3,3,3,3,3,3,3,3,3,3,3,3,3,3,3,3,3,3,3,3,3,3,3,3,3,3,3,3,3,3,3,3,3,3,3,3,3,3,3,3,3,3,3,3,3,3,3,3,3,3
1,1,1,1,1,1,1,1,1,3,3,3,3,3,3,2,2,2,4,0,0,0,0,0,0,0,2,2,2,2,6,2,2,1,1,5,5,5,5,5,5,5,5,5,5,5,5,5,5,5,5,5,5,5,5,5,5,5,5,5,5,5,5,5,5,5,5,5,1,1,0,4,4,0,0,0,0,3,3,3,3,3,3,3,7
1,1,2,2,2,2,2,2,2,2,4
2,2
1,1,2,2,2,2,2,2,2,2,4,4,4,4,4,0,4,4,4,4,4,4,4,0,0,0,0,4,0,0,0,0,0,0,2,6,6,6,6,2,6,6,6,6,6,6,6,2,2,0,0,0,0,1,1,1,1,1,1,1,1,1
4,4,0,0,0,0,0,4,4
1,1,1,1,1,1,1,1,1,3,3,3,3,3,3,2,2,2,4,0,0,0,0,0,0,0,2,2,2,2,6,2,2,1,1,5,5,5,5,5,5,5,5,5,5,5,5
4,4,4,1,1,1
3,3,3,3,3,3,3,3,3,3,3,3,3,3,3
1,1,2,2,2,2,2,2,2,2,4,4,4,4,4,0,4,4,4
4,0,0,0,0,0,0,1,1,5,5,5,5,1,5,5,5,5,5,5,5,1,5,5,5,5,1,1,5,1,1,1,5,5,5,5,5,5,1,1,1,3,3,3,7,7,7,3,3,3,2,2,2
4,4,4,1,1,1,1,1,1,1,1,1,1,1,1,1,1,1,1,1,1,1,1,1,1,1,1,1,3,3,3,3,3,3,4,4,0,0,2,2
1,1,1,1,4,0,4,4,4,2,2,4,4,4,4
2,2,2,2,2,2,2,2,2
3,3,3,3,3,3,3,3,3,3,3,3,3,3,3,3,3,3,3,3,3,3,3,3,3,3,3,3,3,3,3,3,3,3,3,3,3,3,3,3,3,3,3,3,3,3,3,3,3,3,3,3,3,3,3,3,3,3,3,3,3,3,3,3,3,3,3,3,3,3,3,3,3,3,3,3,3,3,3,3,3,3,3,3,3,3,3,3,3,3
4,4,0,4,0,2,2,2,2,0,0,4,0,0,4,4
1,1,1,1,4,4,0,0,0,0,0,0,1,1,5,1,1,1
4,4,0,4,0,2,2,2,2,0,0,4,0,0,4
4,0,0,0,0,0,0,1,1
4,4,0,0,0,0,0,4,4,4,4,0,0,0,0,3,3
1,1,2
4,4,4,4,4,4,4,4,0,0,0,0,3,3
1,1,1,1,4,4,0,0,0,0,0,0,1,1,5,1,1,1,1,1,2,2,2,2,2,6,6,2,2,2,2,2,6,3,3,3,3,3,3,3,3,3,3,3,3,3,3,3,3,1,1,1,1,1,1,1,1,1,1,6,6,6,6,2,2
1,1,2,2,2,2,2,2,2,2,4,4,4,4,4,0,4,4,4,4,4,4,4,0,0,0,0,4,0,0,0,0,0,0,2,6,6,6,6,2,6,6,6,6,6,6,6,2,2,0,0,0,0,1,1,1
3,3,3,3,3,3,3,3,3,3,3,3,3,3,3,3,3,4,4
1,1,2,2,2,2,2,2,2,2,4,4,4,4,4,0,4,4,4,4,4,4,4,0,0,0,0,4,0,0,0,0,0,0,2,6,6,6,6,2,6,6,6,6,6,6,6,2,2,0,0,0,0,1,1,1,1,1,1,1
1,1,1,1,4,4,4,0,0,0,0,3
3,3,3,3,3,3,3,3,3,3,3,3,3,3,3,3,3,4,4,4,4,4,4,0,0,0
4,2,2
4,0,0,0,0,0,0,1,1,5,5,5,5,1,5,5,5,5,5,5,5,1,5,5,5,5,1,1,5,1,1,1,5
3,3,3,3,3,3,3,3,3,3,3,3,3,3,3,3,3,3,3,3,3,3,3,3,3,3,3,3,3,3,3,3,3,3,3,3,3,3,3,3,3,3,3,3,3,3,3,3,3,3,3,3,3,3,3,3,3,3,3,3,3,3,3,3,3,3,3,3,3,3,3,3,3,3,3,3,3,3,3,3,3,3,3,3,3,3,3,3,3,3,3,3,3,3,3,3,3,3,3,3,3,3,3,3,3,3,3,3,3,3,3,3,3,3,1,1,1,1,1,1,4,4,0,1,1,1,5,1,2
4,3,3,3,3,3,3,3,3,3,3,3,3,3,3,3,3,3,3,3,3,3,3,3,3,3,3,3,3,3,3,3,3,3,3,3,3,3,3,3,3,3,3
4,3,3,3,3,3,3,3,3,3,3,3,3,3,3,3,3,3,3,3,3,3,3,3,3,3,3,3,3,3,3,3,3,3,3,3,3,3,3,3,3,3,3,3,2,2,2,2,4,4,4
1,1,1,1,4,4,4,0,0
4,0,0,0,0,0,0,1,1,5,5,5,5,1
1,1,2,2,2,2,2
1,1,1,1,4,4,0,0,0,0,0,0,1,1,5,1,1,1,1,1,2,2,2,2,2,6,6,2,2,2,2,2,6,3,3,3,3,3,3,3,3,3,3,3,3,3,3,3,3,1,1,1,1,1,1,1,1,1,1,6,6,6,6,2,2,6,6,6,6,6,6,6,2,2
1,1,1,1,1,1,1,1,1,3,3,3,3,3,3,2,2,2,4,0,0,0,0,0,0,0,2,2
1,1,1,1,1,1,1,1,1,3,3,3,3,3,3,2,2,2,4,0,0,0,0,0,0,0,2,2,2,2,6,2,2,1,1,5,5,5,5,5,5,5,5,5,5,5,5,5,5,5,5,5,5,5,5,5,5,5,5,5,5,5,5,5,5,5,5,5,1,1,0,4,4,0,0,0,0,3,3,3,3,3,3,3,7,7,7,1,1,1,1,1,1,1,1,1
3,3,3,3,3,3,3,3,3,3,3,3,3,3,3,3,3,3,3,3,3,3,3,3,3,3,3,3,3,3,3,3,3,3,3,3,3,3,3,3,3,3,3,3,3,3,3,3,3,3,3,3,3,3,3,3,3,3,3,3,3,3,3,3,3,3,3,3,3,3,3,3,3,3,3,3,3,3,3,3,3,3,3,3,3,3,3,3,3,3,3,3,3,3,3,3,3,3,3,3,3,3,3,3
4,0,0,0,0,0,0,1,1,5,5,5,5,1,5,5,5,5,5,5,5,1,5,5,5,5,1,1,5,1,1,1,5,5,5,5,5,5,1,1,1,3,3,3,7,7,7,3,3,3,2,2,2,2,2
4,4,0,0,0,0,0,3,3
4,4,0,0,0,0,0,4,4,4
3,3,3,3,3,3,3,3,3,3,3,3,3,3,3,3,3,3,3,3,3,3,3,3,3,3,3,3,3,3,3,3,3,3,3,3,3,3,3,3,3,3,3,3,3,3,3,3,3,3,3,3,3,3,3,3,3,3,3,3,3,3,3,3,3,3,3,3,3,3,3,3,3,3,3,3,3,3,3,3,3,3,3,3,3,3,3,3
3,3,3,3,3,3,3,3,3,3,3,3,3,3,3,3,3,4,4,4,4,4,4,0,0,0,0,0,0,0,0,0,0,0,0,0,0,0,3,3,3
1,1,1,1,1,1,1,1,1,3,3,3,3,3,3,2,2,2,4,0,0,0,0,0,0,0,2,2,2,2,6,2,2,1,1,5,5,5,5,5,5,5,5,5,5,5,5,5,5,5,5,5,5,5,5,5,5,5,5,5,5,5,5,5,5,5,5,5,1,1,0,4,4,0,0,0
1,1,1,1,4,0,4,4,4,2,2,4
4,4,1,1,1
4,4,1,1,1,1,1,1,1,1,1,1,4,4,4,4,4,0,0,0,3,3,3,3,3
1,1,1,1,1,1,1,1,1,3,3,3,3,3,3,2,2,2,4,0,0,0,0,0,0,0,2,2,2,2,6,2,2,1,1,5,5,5,5,5,5,5,5,5,5,5,5,5,5,5,5,5,5,5,5,5
1,1,2,2,2,2,2,2,2,2,4,4,4,4,4,0,4,4,4,4,4,4,4,0,0,0,0,4,0,0,0,0,0,0,2,6,6,6,6,2,6,6,6,6,6,6,6,2,2,0,0,0,0,1
1,1,2,2,2,2,2,2,2,2,4,4,4,4,4,0,4,4,4,4,4,4,4,0,0,0
4,0,0,0,0,0,0,1,1,5,5,5,5,1,5,5,5,5,5,5,5,1
1,1,1,1,1,1,1,1,1,3,3,3,3,3,3,2,2,2,4,0,0,0,0,0,0,0,2,2,2,2,6,2,2,1,1,5,5,5
4,4,4,4,4,4
1,1,1,1,1,1,1,1,1,3
3,3,3,3,3,3,3,3,3,3,3,3,3,3,3,3,3,4,4,4,4,4
4,4,4,1,1,1,1,1,1,1,1,1,1,1,1,1,1,1,1,1,1,1,1,1,1,1,1,1,3,3,3,3,3,3,4,4,0
4,4,0,0,0,3,3,3
3,3,3,3,3,3,3,3,3,3,3,3,3,3,3,3,3
4,2,2,2,2,2,2,2,4,4,4,4
1,1,2,2,2,2,2,2,2,2,4,4,4,4,4,0,4,4,4,4,4,4,4,0,0,0,0,4,0,0,0,0,0
3,3,3,3,3,3,3,3,3,3,3,3,3,3,3,3,3,4,4,4,4,4,4,0,0,0,0
1,1,1,1,4,0,4,4,4,2,2,4,4,4,4,4,4,0
4,3,3,3,3,3,3,3,3,3,3,3,3,3,3,3,3,3,3,3,3,3,3,3,3,3,3,3,3,3,3,3,3,3,3,3,3,3,3,3,3,3,3,3,2,2,2,2
3,3,3,3,3,3,3,3,3,3,3,3,3,3,3,3,3,3,3,3,3,3,3,3,3,3,3,3,3,3,3,3,3,3,3,3,3,3,3,3,3,3,3,3,3,3,3,3,3,3,3,3,3,3,3,3,3,3,3,3,3,3,3,3,3,3,3,3,3,3,3,3,3,3,3,3,3,3,3,3,3,3,3,3,3,3,3,3,3,3,3,3,3,3,3,3,3,3,3,3,3,3,3,3,3,3,3,3,3,3,3,3,3,3,1,1,1,1,1,1,4,4,0,1,1,1,5,1,2,2,2,2,2,2,6,6,6,6,6,6,6,2,3,7,7,7
1,1,1,1,4,4,0,0,0,0,0,0,1,1,5,1,1,1,1,1,2,2,2,2,2,6,6,2,2,2,2,2,6,3,3,3,3,3,3,3,3,3,3,3,3,3,3,3,3,1
1,1,1,1,1,1,1,1,1,3,3,3,3,3,3,2,2,2,4,0,0,0,0,0,0,0,2,2,2,2,6,2,2,1,1,5,5,5,5,5,5,5,5,5,5,5,5,5,5,5,5,5,5,5,5,5,5,5,5,5,5,5,5,5,5,5,5,5,1,1,0,4,4,0,0,0,0
3,3,3,3,3,3,3,3,3,3,3,3,3,3,3,3,3,3,3,3,3,3,3,3,3,3,3,3,3,3,3,3,3,3,3,3,3,3,3,3,3,3,3,3,3,3,3,3,3,3,3,3,3,3,3,3,3,3,3,3,3,3,3,3,3,3,3,3,3,3,3,3,3,3,3,3,3,3,3
3,3,3,3,3,3,3,3,3,3,3,3,3,3,3,3,3,3,3,3,3,3,3,3,3,3,3,3,3,3,3,3,3,3,3,3,3,3,3,3,3,3,3,3,3,3,3,3,3,3,3,3,3,3,3,3,3,3,3,3,3,3,3,3,3,3,3,3,3,3,3,3,3,3,3,3,3,3,3,3,3,3,3,3,3,3,3,3,3,3,3,3,3,3,3,3,3,3,3,3,3,3,3,3,3,3,3,3,3,3,3,3,3,3,1,1,1,1,1,1,4,4,0,1,1,1,5,1
4,0,0,0,0,0,0,1,1,5,5,5
1,1,1,1,4,4,0,0,0,0,0,0,1,1,5,1,1,1,1,1,2,2,2,2,2,6,6,2,2,2,2,2,6,3,3,3,3,3,3,3,3,3,3,3,3,3,3,3,3,1,1,1,1,1,1,1,1,1,1,6,6,6,6,2,2,6,6
1,1,2,2,2,2,2,2,2,2,4,4,4,4,4,0,4,4,4,4,4,4,4,0,0,0,0,4,0,0,0,0,0,0,2,6,6,6,6,2
4,3,3,3,3,3,3,3,3,3,3,3,3,3,3,3,3,3,3,3,3,3,3,3,3,3,3,3
1,1,2,2,2,2,2,2,2,2,4,4,4,4,4,0,4,4,4,4,4,4,4,0,0,0,0,4,0,0,0,0,0,0,2,6,6,6,6,2,6,6,6,6,6,6,6,2
1,1,1,1,1,1,1,1,1,3,3,3,3,3,3,2,2,2,4,0,0,0,0,0,0,0,2,2,2,2,6,2,2,1,1,5,5,5,5,5,5,5,5,5,5,5,5,5,5,5,5,5,5,5,5,5,5,5,5,5,5,5,5,5,5,5,5,5,1,1,0,4,4,0,0,0,0,3,3,3,3,3,3,3,7,7
4,2,2,2,2,2,2,2,4,4,4,4,4,4,4
1,1,1,1,4,0,4,4,4,2,2,4,4,4,4,4,4,0,0,0,4,4,4,4,4,4,0
2,2,2,2,2,2,2,2,2,2,2,2,2,2,4,4,4
1,1,1,1,4,4,4,0
1,1,1,1,4,0,4,4,4,2,2,4,4
4,4,0,0
3,3,3,3,3,3,3,3,3,3,3,3,3,3,3,3,3,3,3,3,3,3,3,3,3,3,3,3,3,3,3,3,3,3,3,3,3,3,3,3,3,3,3,3,3,3,3,3,3,3,3,3,3,3,3,3,3,3,3,3,3,3,3,3,3,3,3,3,3,3,3,3,3,3,3,3,3,3,3,3,3,3,3,3,3,3,3,3,3,3,3,3,3,3,3,3,3,3,3,3,3,3,3,3,3,3,3,3,3,3,3,3,3,3,1,1,1,1,1,1,4,4,0,1,1,1,5,1,2,2,2,2,2,2,6,6,6,6,6,6
4,4,4,4,4
1,1,1,1,4,4,0,0,0,0,0,0,1,1,5,1,1,1,1,1,2,2,2,2,2,6,6,2,2,2,2,2,6,3,3,3,3,3,3,3,3,3,3,3,3,3,3,3,3,1,1,1,1,1,1,1,1,1,1,6,6,6,6,2,2,6,6,6,6,6,6,6,2,2,3,3,3,3,3,3,3,7
3,3,3,3,3,3,3,3,3,3,3,3,3,3,3,3,3,3,3,3,3,3,3,3,3,3,3,3,3,3,3,3,3,3,3
3,3,3,3,3,3,3,3,3,3,3,3,3,3,3,3,3,3,3,3,3,3,3,3,3,3,3,3,3,3,3,3,3,3,3,3,3,3,3,3,3,3,3,3,3,3,3,3,3,3,3,3,3,3,3,3,3,3,3,3,3,3,3,3,3,3,3,3,3,3,3,3,3,3,3,3,3,3,3,3,3,3,3,3,3,3,3,3,3,3,3,3
4,4,4,1,1,1,1,1,1,1,1,1,1,1,1,1,1,1
4,4,4,4,4,0,0,3
1,1,2,2,2,2,2,2,2,2,4,4,4,4,4,0,4,4,4,4,4,4,4,0,0,0,0,4,0,0,0,0,0,0,2,6,6,6,6,2,6,6,6,6,6,6,6,2,2,0,0,0,0,1,1,1,1,1,1,1,1,1,1,3
1,1,1,1,1,1,1,1,1,3,3,3,3,3,3,2,2,2,4,0,0,0,0,0,0,0,2,2,2,2,6,2,2,1,1,5,5,5,5,5,5,5,5,5,5,5,5,5,5,5,5,5,5,5,5,5,5,5,5,5,5,5,5,5,5,5,5,5,1,1,0,4,4,0,0,0,0,3,3,3,3,3,3,3,7,7,7,1,1,1
1,1,2,2,2,2,2,2,2,2,4,4,4,4,4,0,4,4,4,4,4,4,4,0,0,0,0,4,0,0,0,0,0,0,2,6,6,6,6,2,6,6,6,6
1,1,2,2,2,2,2,2,2,2,4,4,4,4,4,0,4,4,4,4,4,4,4,0,0,0,0,4,0,0,0,0,0,0,2,6,6,6,6,2,6,6,6
3,3,3,3,3,3,3,3,3,3,3,3,3,3,3,3,3,3,3,3,3,3,3,3,3,3,3,3,3,3,3,3,3,3,3,3,3,3,3,3,3,3,3,3,3,3,3,3,3,3,3,3,3,3,3,3,3,3,3,3,3,3,3
4,0,0,0,0,0,0,1,1,5,5,5,5,1,5,5,5,5,5,5,5,1,5,5,5,5,1,1,5,1,1,1,5,5,5,5,5,5,1,1,1,3,3,3
4,3,3,3,3,3,3,3,3,3,3,3,3,3,3,3,3,3,3,3,3,3,3,3,3,3,3,3,3,3,3,3,3,3,3,3
4,4,0,0,0,3
4,0,0,0,0,0,0,1,1,5,5,5,5,1,5,5,5,5,5,5,5,1,5,5,5,5,1,1,5,1,1,1,5,5,5,5,5,5,1,1,1,3,3,3,7,7,7,3,3,3,2,2,2,2,2,2,6,6,2,2,2,2
4,3,3,3,3,3,3,3,3,3,3,3,3,3,3,3,3
1,1,1,1,4,0,4,4,4,2,2,4,4,4,4,4,4,0,0,0
2,4,4,0,0,0,0,4,0,0,0,0,4,0,0,0,0,0,4,4,0,0,0,4,4,0,0
1,1,1,1,4,0,4,4,4,2,2,4,4,4,4,4,4,0,0,0,4,4,4,4,4
3,3,3,3,3,3,3,3,3,3,3,3,3,3,3,3,3,3,3,3,3,3,3,3,3,3,3,3,3,3,3,3,3,3,3,3,3,3,3,3,3,3,3,3,3,3,3,3,3,3,3,3,3,3,3,3,3,3,3,3,3,3,3,3,3,3,3,3,3,3,3,3,3,3,3
3,3,3,3,3,3,3,3,3,3,3,3,3,3,3,3,3,3,3,3,3,3,3,3,3,3,3,3,3,3,3,3,3,3,3,3,3,3,3,3,3,3,3,3,3,3,3,3,3,3,3,3,3,3,3,3,3,3,3,3,3,3,3,3,3,3,3,3,3,3,3,3
1,1,1,1,1,1,1,1,1,3,3,3,3,3,3,2,2,2,4,0,0,0,0,0,0,0,2,2,2,2,6,2,2,1,1,5,5,5,5,5,5,5,5,5,5,5,5,5,5,5,5,5,5,5,5,5,5,5,5,5,5,5,5,5,5,5,5,5,1,1,0,4,4,0,0,0,0,3,3,3
4,0,0,0,0,0,0,1,1,5,5,5,5,1,5,5,5,5,5,5,5,1,5,5,5,5,1,1,5,1,1,1,5,5,5,5,5,5,1,1,1,3,3,3,7,7,7,3,3,3,2,2,2,2,2,2,6,6,2,2,2,2,6
1,1,1,1,1,1,1,1,1,3,3,3,3,3,3,2,2,2,4,0,0,0,0,0,0,0,2,2,2,2,6,2,2,1,1,5,5
4,0,0,0,0,0,0,1,1,5,5,5,5,1,5,5
3,3,3,3,3,3,3,3,3,3,3,3,3,3,3,3,3,3,3,3,3,3,3,3,3,3,3,3,3,3,3,3,3,3,3,3,3,3,3
1,1,1,1,1,1,1,1,1,3,3,3,3,3,3,2,2,2,4,0,0,0,0,0,0,0,2,2,2,2,6,2,2,1,1,5,5,5,5,5,5,5,5,5,5,5,5,5,5,5,5,5,5,5,5,5,5,5,5,5,5,5,5,5
4,4,0,0,0,0,0
2,4,4
2,4,4,0,0,0,0,4,0,0,0,0,4,0,0,0,0,0
3,3,3,3,3,3,3,3,3,3,3,3,3,3,3,3,3,3,3,3,3,3,3,3,3,3,3,3,3,3,3,3,3,3,3,3,3,3,3,3,3,3,3,3,3,3,3,3,3,3,3,3,3,3,3,3,3,3,3,3,3,3,3,3,3,3,3,3,3,3,3,3,3,3,3,3,3,3,3,3,3,3,3,3,3,3,3,3,3,3,3,3,3,3,3,3,3,3,3,3,3,3,3,3,3,3,3,3,3,3,3,3,3,3
1,1,2,2
4,4,4,1,1,1,1,1,1,1,1,1,1,1,1
3,3,3,3,3,3,3,3,3,3,3,3,3,3,3,3,3,3,3,3,3,3,3,3,3,3,3,3,3,3,3,3,3,3,3,3,3,3,3,3,3,3,3,3,3,3,3,3,3,3,3,3,3,3,3,3,3,3,3,3,3,3,3,3,3,3,3,3,3,3,3,3,3,3,3,3,3,3,3,3,3,3,3,3,3,3,3,3,3,3,3,3,3,3,3,3,3,3,3,3,3,3,3,3,3,3,3,3
1,1,1,1,4,4,0,0,0,0,0,0,1,1,5,1,1,1,1,1,2,2,2,2,2,6,6,2,2,2,2,2,6,3,3,3,3,3,3,3,3,3,3,3,3,3,3,3,3,1,1,1,1,1,1,1,1,1,1,6,6,6,6,2,2,6,6,6,6,6,6,6,2,2,3,3
3,3,3,3,3,3,3,3,3
1,1,2,2,2,2,2,2,2,2,4,4,4,4,4,0,4,4,4,4,4,4,4,0,0
1,1,1,1,4,0,4,4,4,2,2,4,4,4,4,4,4,0,0,0,4,4,4,4
3,3,3,3,3,3,3,2,2,2,2,4,0,0
3,3,3,3,3,3,3,3,3,3,3,3,3,3,3,3,3,4,4,4,4,4,4,0,0,0,0,0,0,0,0,0,0,0,0,0
4,3,3,3,3,3,3,3,3,3,3,3,3,3,3,3
1,1,1,1,1,1,1,1,1,3,3,3,3,3,3,2,2,2,4,0,0,0,0,0,0,0,2,2,2,2,6,2,2,1,1,5,5,5,5,5,5,5,5,5,5,5,5,5,5,5,5,5,5,5
1,1,1,1,4,4,0,0,0,0,0,0,1,1,5,1,1,1,1,1,2,2,2,2,2,6,6,2,2,2,2,2,6
4,4,4,1,1,1,1,1,1,1,1,1,1,1,1,1,1,1,1
1,1,1,1,4,4,0,0,0,0,0,0,1,1,5,1,1,1,1,1,2,2,2,2,2,6,6,2,2,2,2,2,6,3,3,3,3,3,3,3,3,3,3,3,3,3,3,3,3,1,1,1,1
2,4,0,4,1,4
4,0,0,0,0,0,0,1,1,5,5,5,5,1,5,5,5,5,5,5,5,1,5,5,5,5,1,1,5,1,1,1,5,5,5,5,5,5,1,1,1,3,3,3,7,7
1,1,1,1,4,4,0,0,0,0,0,0,1,1,5,1,1,1,1,1,2,2,2,2,2,6,6,2,2,2,2,2,6,3,3,3,3,3,3,3,3,3,3,3
4,0,0,0,0,0,0,1,1,5,5,5,5,1,5,5,5,5,5,5,5,1,5,5,5,5,1,1,5,1,1,1,5,5,5,5,5,5,1,1,1,3,3,3,7,7,7,3,3,3,2,2,2,2,2,2,6,6,2
1,1,1,1,4,4,0,0,0,0,0,0,1,1,5,1
1,1,1,1,4,4,0,0,0,0,0,0,1,1,5,1,1,1,1,1,2,2,2,2,2,6,6,2,2,2,2,2,6,3,3,3,3,3,3,3,3,3,3,3,3,3
4,0,0,0,0,0,0,1,1,5,5,5,5,1,5,5,5,5,5,5
3,3,3,3
1,1,1,1,4,4,0,0,0,0
2,4,4,0,0,0,0,4,0,0,0,0,4,0,0,0,0,0,4,4,0,0,0,4,4,0,0,3,3,3,3
1,1,1,1,4,0,4,4,4,2,2,4,4,4
4,0,0,0,0,0,0,1,1,5
4,4,4,1,1,1,1,1,1,1,1,1,1,1,1,1,1,1,1,1,1,1,1,1,1,1,1,1,3,3,3,3,3,3,4,4,0,0,2,2,2,3
3,3,3,3,3,3,3,3,3,3,3,3,3,3
1,1,1,1,4,4,0,0,0,0,0,0,1,1,5,1,1,1,1,1,2,2,2,2,2,6,6,2,2,2,2,2,6,3,3,3,3,3,3,3,3,3,3,3,3,3,3,3,3,1,1,1,1,1,1,1,1,1,1,6,6,6,6,2,2,6,6,6,6
4,4,4,4,4,4,4,4,0,0
4,4,1,1,1,1,1,1,1,1,1,1,4,4,4,4
1,1,1,1,4,0,4,4,4,2,2,4,4,4,4,4,4,0,0,0,4,4,4,4,4,4,0,0,0,0
1,1,1,1,4,4,0,0,0,0,0,0,1,1,5,1,1,1,1,1,2,2,2,2,2,6,6,2,2,2,2,2,6,3,3,3,3,3,3,3,3,3,3,3,3,3,3,3,3,1,1,1,1,1,1,1,1,1,1,6,6,6,6,2,2,6,6,6,6,6,6,6,2,2,3,3,3,3,3
1,1,1,1,1,1,1,1,1,3,3,3,3,3,3,2,2,2,4,0,0,0,0,0,0,0,2,2,2,2,6,2,2,1,1,5,5,5,5,5,5,5,5,5,5,5,5,5,5,5,5,5,5,5,5,5,5,5,5,5,5,5,5,5,5,5,5,5,1,1,0,4,4,0,0,0,0,3,3
4,4,0,0,3,3,3
4,3,3,3,3,3,3,3
3,3,3,3,3,3,3,3,3,3,3,3,3,3,3,3,3,3,3,3,3,3,3,3,3,3,3,3,3,3,3,3,3,3,3,3,3,3,3,3,3,3,3,3,3,3,3,3,3,3,3,3,3,3,3,3,3,3,3,3,3,3,3,3,3,3,3,3,3,3,3,3,3,3,3,3,3,3,3,3,3,3,3,3,3,3,3,3,3,3,3,3,3,3,3,3,3,3,3,3,3,3,3,3,3,3,3,3,3,3,3,3,3,3,1,1,1,1,1,1,4,4,0,1,1,1,5,1,2,2,2,2,2,2,6,6,6,6,6,6,6,2,3,7,7,7,7
1,1,1,1,4,4,0,0,0,0,0,0,1,1,5,1,1,1,1,1,2,2,2,2,2,6,6,2,2,2,2,2,6,3,3,3,3,3,3,3,3,3,3
3,3,3,3,3,3,3,3,3,3,3,3,3,3,3,3,3,3,3,3,3,3,3,3,3,3,3,3,3,3,3,3,3,3,3,3,3,3,3,3,3,3,3,3,3,3,3,3,3,3,3,3,3,3,3,3,3,3,3,3,3,3,3,3,3,3,3,3,3,3,3,3,3,3,3,3,3,3,3,3,3,3,3,3,3,3,3,3,3,3,3,3,3,3,3,3,3,3,3,3,3,3,3,3,3,3,3,3,3,3,3,3,3,3,1,1,1,1,1,1,4,4,0,1,1,1,5,1,2,2,2,2,2,2,6,6,6,6,6,6,6
2,2,2,2
1,1,1,1,4,4,0,0,0,0,0,0,1,1,5,1,1,1,1,1,2,2,2,2,2,6,6,2,2,2,2,2,6,3,3,3,3,3,3,3,3,3,3,3,3,3,3,3,3,1,1,1,1,1,1,1,1,1,1,6,6,6,6,2,2,6,6,6,6,6,6,6,2,2,3
3,3,3,3,3,3,3,3,3,3,3,3,3,3,3,3,3,3,3,3,3,3,3,3,3,3,3,3,3,3,3,3,3,3,3,3,3,3,3,3,3,3,3,3,3,3,3,3,3,3,3,3,3,3,3,3,3,3,3,3,3,3,3,3,3,3,3,3,3,3,3,3,3,3,3,3,3,3,3,3,3,3,3,3,4,4,4,0,0,0,0,0,0,0,3,3,3,3,3
4,2,2,2,2,2,2
3,3,3,3,3,3,3,3,3,3,3,3,3,3,3,3,3,4,4,4,4,4,4,0,0,0,0,0,0,0,0,0,0,0,0,0,0
3,3,3,3,3,3,3,3,3,3,3,3,3,3,3,3,3,3,3,3,3,3,3,3,3,3,3,3,3,3,3,3,3,3,3,3,3,3,3,3,3,3,3,3,3,3,3,3,3,3,3,3,3,3,3,3
2,2,2,2,2,2,2,2,2,2,2,2,2,2,4
1,1,1,1,4,4,0,0,0,0,0,0,1,1,5,1,1,1,1,1,2,2,2,2,2,6,6,2,2,2,2,2,6,3,3,3,3,3,3,3,3,3,3,3,3,3,3,3,3,1,1,1,1,1,1,1,1,1,1,6,6
1,1,1,1,4,4,0,0,0,0,0,0,1,1,5,1,1,1,1,1,2,2,2,2,2,6,6,2,2,2,2,2,6,3,3,3,3,3,3
1,1,1,1,1,1,1,1,1,3,3,3,3,3,3,2,2,2,4,0,0,0,0,0,0,0
4,4,0,0,0,0,0,3,3,3,3
1,1,1,1,4,4,0,0,0,0,0,0,1,1,5,1,1,1,1,1,2,2,2,2,2,6,6,2,2,2,2,2,6,3,3,3,3,3,3,3,3,3,3,3,3,3,3,3,3,1,1,1,1,1,1,1,1,1,1,6,6,6,6,2,2,6,6,6,6,6,6
4,4,1,1,1,1
2,4,4,0,0,0,0,4,0,0,0,0,4,0,0,0,0,0,4,4,0,0
1,1,1,1,1,1,1,1,1,3,3,3,3,3,3,2,2,2,4,0,0,0,0,0,0,0,2,2,2,2,6,2,2,1,1,5,5,5,5,5,5,5,5,5,5,5,5,5,5,5,5,5,5,5,5,5,5,5,5,5,5,5,5,5,5,5,5,5,1,1,0
4,3,3,3,3,3,3
4,3,3,3,3,3,3,3,3,3,3,3,3,3,3,3,3,3,3,3,3,3,3,3,3,3,3,3,3,3,3,3,3,3
4,0
3,3,3,3,3,3,3,3,3,3,3,3,3,3,3,3,3,3,3,3,3,3,3,3,3,3,3,3,3,3,3,3,3,3,3,3,3,3,3,3,3,3,3,3,3,3,3,3,3,3,3,3,3,3,3,3,3,3,3,3,3,3,3,3,3,3,3,3,3,3,3,3,3,3,3,3,3,3,3,3,3,3,3,3,3,3,3,3,3,3,3,3,3,3,3,3,3,3,3,3,3,3,3,3,3,3,3,3,3,3,3,3,3,3,1,1,1,1,1,1,4,4,0,1,1,1,5,1,2,2,2,2,2,2,6,6
4,0,0,0,0,0,0,1,1,5,5,5,5,1,5,5,5,5,5,5,5,1,5,5,5,5,1,1,5,1,1,1,5,5,5,5,5
3,3,3,3,3,3,3,3,3,3,3,3,3,3,3,3,3,3,3,3,3,3,3,3,3,3,3,3,3,3,3,3,3,3,3,3,3,3,3,3,3,3,3,3,3,3,3,3,3,3,3,3,3,3,3,3,3,3,3,3,3,3,3,3,3,3,3,3,3,3,3,3,3,3,3,3,3,3
3,3,3,3,3,3,3,3,3,3,3,3,3,3,3,3,3,3,3,3,3,3,3,3,3,3,3,3,3,3,3,3,3,3,3,3,3,3,3,3,3,3,3,3,3,3,3,3,3,3,3,3,3,3,3,3,3,3,3,3,3,3,3,3
1,1,1,1,1,1,1,1,1,3,3,3,3,3,3,2,2,2,4,0,0,0,0,0,0,0,2,2,2,2,6,2,2,1,1,5,5,5,5,5,5,5,5,5,5,5,5,5,5,5,5,5,5,5,5,5,5,5,5,5,5,5,5,5,5,5,5,5,1,1,0,4,4,0,0,0,0,3,3,3,3,3,3,3
4,4,4,0,3,3,3,3
1,1,1,1,4,4,0,0,0,0,0,0,1,1,5,1,1,1,1,1,2,2,2,2,2,6,6,2,2,2,2,2
2,4,4,0,0,0,0,4,0,0,0,0,4,0,0,0,0,0,4,4,0
1,1,2,2,2,2,2,2,2,2,4,4,4,4,4,0,4,4,4,4,4,4,4,0,0,0,0,4,0,0,0,0,0,0,2,6,6,6,6,2,6,6,6,6,6,6,6,2,2,0,0,0,0
4,0,0,0,0,0,0,1,1,5,5,5,5,1,5,5,5,5,5,5,5,1,5,5,5,5,1,1,5,1,1,1,5,5,5,5,5,5,1,1,1,3,3,3,7,7,7,3,3,3,2,2,2,2,2,2,6,6,2,2,2
3,3,3,3,3,3,3,3,3,3,3,3,3,3,3,3,3,4,4,4,4,4,4,0,0,0,0,0,0,0,0,0,0,0,0,0,0,0
1,1,2,2,2,2,2,2,2,2,4,4,4,4,4,0,4,4,4,4,4,4,4,0,0,0,0,4,0,0,0,0,0,0,2,6,6,6,6,2,6,6,6,6,6,6,6,2,2,0,0,0,0,1,1
4,4,4,1,1,1,1,1,1,1,1,1,1,1,1,1,1,1,1,1,1,1,1,1,1,1
4,0,0,0,0,0,0,1,1,5,5,5,5,1,5,5,5
1,1,1,1,4,4,0,0,0,0,0,0,1
2,4,4,0,0,0,0,4,0,0,0,0,4,0,0,0,0,0,4
4,4,4,1,1,1,1,1,1,1,1,1,1,1,1,1
4,0,0,0,0,0,0,1,1,5,5,5,5,1,5,5,5,5,5,5,5,1,5,5,5,5,1,1,5,1,1,1,5,5,5,5,5,5,1
4,2,2,2,2,2
3,3,3,3,3,3,3,3,3,3,3,3,3,3,3,3,3,3,3,3,3,3,3,3,3,3,3,3,3,3,3,3,3,3,3,3,3,3,3,3,3,3,3,3,3,3,3,3,3,3,3,3,3,3,3,3,3,3,3,3,3,3,3,3,3,3,3,3,3,3,3,3,3,3,3,3,3,3,3,3,3,3,3,3,4,4,4,0,0
3,3,3,3,3,3,3,3,3,3,3,3,3,3,3,3,3,3,3,3,3,3,3,3,3,3,3,3,3,3,3,3,3,3,3,3,3
1,1,2,2,2,2,2,2,2,2,4,4,4,4,4,0,4,4,4,4,4,4,4,0,0,0,0,4,0,0,0,0,0,0,2,6,6,6,6,2,6,6,6,6,6,6,6,2,2,0,0,0,0,1,1,1,1,1
1,1,1,1,4,4,4
1,1,1,1,4,0,4,4,4,2,2,4,4,4,4,4,4,0,0,0,4,4,4,4,4,4,0,0
3,3,3,3,3,3,3,3,3,3,3,3,3,3,3,3,3,3,3,3,3,3,3,3,3,3,3,3,3,3,3,3,3,3,3,3,3,3,3,3,3,3,3,3,3,3,3,3,3,3,3,3,3,3,3,3,3,3,3,3,3,3,3,3,3,3,3,3,3,3,3,3,3,3,3,3,3,3,3,3,3,3,3,3,3,3,3,3,3,3,3,3,3,3,3,3,3,3,3,3,3,3,3,3,3,3,3,3,3,3,3,3,3,3,1,1,1,1,1,1,4,4,0,1,1,1,5,1,2,2,2,2,2,2,6,6,6,6
1,1,1,1,1,1,1,1,1,3,3,3,3,3,3,2,2,2,4,0,0,0,0,0,0,0,2,2,2,2,6,2,2,1,1,5,5,5,5,5,5,5,5
1,1,1,1,4,4,0,0,0,0,0,0,1,1,5,1,1,1,1,1,2,2,2,2,2,6,6,2,2,2
2,4,4,0,0,0,0,4,0,0,0,0,4,0,0,0,0,0,4,4,0,0,0,4,4,0,0,3,3,3
2,2,2,2,2,2,2,2,2,2
4,4,1,1,1,1,1,1,1,1,1,1,4,4,4,4,4,0,0,0,3,3,3
3,3,3,3,3,3,3,3,3,3,3,3,3,3,3,3,3,3,3,3,3,3,3,3,3,3,3,3,3,3,3,3,3,3,3,3,3,3,3,3,3,3,3,3,3,3,3,3,3,3,3,3,3,3,3,3,3,3,3,3,3,3,3,3,3,3,3,3,3,3,3,3,3,3,3,3,3,3,3,3,3,3,3,3,3,3,3,3,3,3,3,3,3,3,3,3,3,3,3,3,3,3,3,3,3,3,3,3,3,3,3,3,3,3,1,1,1,1,1,1,4,4,0,1,1,1,5,1,2,2,2,2,2,2
4,0,0,0,0,0,0,1,1,5,5,5,5,1,5
4,3,3,3,3,3,3,3,3,3,3,3,3,3,3,3,3,3,3,3,3,3,3
3,3,3,3,3,3,3,3,3,3,3,3,3
2,2,2,2,2,2,2,2,2,2,2,2,2,2,4,4,4,0,0,2,2
1,1,1,1,1,1,1,1,1,3,3,3,3,3,3,2
1,1,1,1,1,1,1,1,1,3,3,3,3,3,3,2,2,2,4,0,0,0,0,0,0,0,2,2,2,2,6,2,2,1,1,5,5,5,5,5,5,5,5,5,5,5,5,5,5,5,5,5,5,5,5,5,5,5,5,5,5,5,5,5,5,5,5,5,1,1,0,4,4,0,0,0,0,3,3,3,3,3,3,3,7,7,7,1,1
1,1,2,2,2,2,2,2,2,2,4,4,4,4,4,0,4,4,4,4,4,4,4,0,0,0,0,4,0,0,0,0,0,0,2,6,6,6,6
4,0,0,0,0,0,0,1,1,5,5,5,5,1,5,5,5,5,5,5,5,1,5,5,5,5,1,1,5,1,1,1,5,5,5,5,5,5,1,1,1,3,3,3,7,7,7,3,3,3,2,2,2,2,2,2
4,4,1,1,1,1,1,1,1,1,1,1,4,4,4,4,4,0,0,0
4,0,0,0,0,0,0,1
4,3,3,3
1,1,1,1,4,0,4,4,4,2,2,4,4,4,4,4,4,0,0,0,4,4,4,4,4,4,0,0,0,0,0,2,3,3
3,3,3,3,3,3
1,1,1,1,4,4,0,0,0,0,0,0,1,1,5,1,1,1,1,1,2,2,2,2,2,6,6,2
4,0,0,0,0,0,0,1,1,5,5,5,5,1,5,5,5,5,5,5,5,1,5,5,5,5,1,1,5,1,1,1,5,5,5,5,5,5,1,1,1,3
3,3,3,3,3,3,3,3,3,3,3,3,3,3,3,3,3,3,3,3,3,3,3,3,3,3,3,3,3,3,3,3,3,3,3,3,3,3,3,3,3,3,3,3,3,3,3,3,3
3,3,3,3,3,3,3,3,3,3,3,3,3,3,3,3,3,3,3,3,3,3,3,3,3,3,3,3,3,3,3,3,3,3,3,3
3,3,3,3,3,3,3,3,3,3,3,3,3,3,3,3,3,3,3,3,3,3,3,3,3,3,3,3,3,3,3,3,3,3,3,3,3,3,3,3,3,3,3,3,3,3,3,3,3,3,3,3,3,3,3,3,3,3,3,3,3,3,3,3,3,3,3,3,3,3,3,3,3,3,3,3,3,3,3,3,3,3,3,3,4,4,4,0,0,0,0,0,0,0,3
4,4,1,1,1,1,1,1,1,1,1,1,4,4,4,4,4
4,4,0,0,3,3
3,3,3,3,3,3,3,3,3,3,3,3,3,3,3,3,3,3,3,3,3,3,3,3,3,3,3,3
3,3,3,3,3,3,3,3,3,3,3,3,3,3,3,3,3,4
1,1,1,1,4,4,0,0,0,0,0,0,1,1,5,1,1,1,1,1,2,2,2,2,2,6,6,2,2,2,2,2,6,3,3,3,3,3,3,3,3,3,3,3,3,3,3,3,3,1,1
4,4,0,4,0,2,2,2,2,0,0,4,0,0,4,4,4,4,4
1,1,1,1,1,1,1,1,1,3,3,3,3,3,3,2,2,2,4,0,0,0,0
2,4,0,4,1,4,0
1,1,1,1,1,1,1,1,1,3,3,3,3,3,3,2,2,2,4,0,0,0,0,0,0,0,2,2,2,2,6,2,2,1,1,5,5,5,5,5,5,5,5,5,5,5,5,5,5,5,5
3,3,3,3,3,3,3,3
4,4,1,1,1,1,1,1
4,0,0,0,0,0,0,1,1,5,5,5,5,1,5,5,5,5,5,5,5,1,5,5,5,5,1,1,5,1,1,1,5,5,5,5,5,5,1,1,1,3,3,3,7,7,7,3,3,3,2,2,2,2,2,2,6,6,2,2
3,3,3,3,3,3,3,3,3,3,3,3,3,3,3,3,3,3,3,3,3,3,3,3,3,3,3,3,3,3,3,3,3,3,3,3,3,3,3,3,3,3,3,3,3,3,3,3,3,3,3,3,3,3,3,3,3,3,3,3,3,3,3,3,3,3,3,3,3,3,3,3,3,3
1,1,1,1,4,4,0,0,0,0,0,0,1,1,5,1,1,1,1,1,2
4,4,1,1
2,2,2,2,2,2,2,2,2,2,2
1,1,1,1,4,0,4,4,4,2,2,4,4,4,4,4,4,0,0,0,4,4,4,4,4,4,0,0,0,0,0,2,3,3,3,3
1,1,1,1,1,1,1,1,1,3,3,3,3,3,3,2,2,2,4,0,0,0,0,0,0,0,2,2,2,2,6,2,2,1,1,5,5,5,5,5,5,5,5,5,5,5,5,5,5,5,5,5,5,5,5,5,5,5
4,0,0,0,0,0,0,1,1,5,5,5,5,1,5,5,5,5,5,5,5,1,5,5,5,5,1,1,5,1,1,1,5,5,5,5,5,5
1
1,1,1,1,4,4,0,0,0,0,0,0,1,1,5,1,1,1,1,1,2,2,2,2,2,6,6,2,2,2,2,2,6,3,3,3,3,3,3,3,3,3,3,3,3,3,3,3,3,1,1,1
3,3
2,4,4,0,0,0,0,4,0,0,0,0,4
3,3,3,3,3,3,3,3,3,3,3,3,3,3,3,3,3,3,3,3,3,3,3,3,3,3,3,3,3,3,3,3,3,3,3,3,3,3,3,3,3,3,3,3
4,4,0
1,1,1,1,4,0,4,4,4,2,2,4,4,4,4,4,4,0,0,0,4,4,4
4,4,4,1,1,1,1,1,1,1,1,1,1,1,1,1,1,1,1,1,1,1,1,1,1,1,1,1,3,3,3,3,3,3,4,4,0,0
4,4,1,1,1,1,1,1,1,1,1,1,4,4,4,4,4,0,0,0,3,3
3,3,3,3,3,3,3,3,3,3,3,3,3,3,3,3,3,3,3,3,3,3,3,3,3,3,3,3,3,3,3,3,3,3,3,3,3,3,3,3,3,3,3,3,3,3,3,3,3,3,3,3,3,3,3,3,3,3,3,3,3,3,3,3,3,3,3,3,3,3,3,3,3,3,3,3,3,3,3,3,3,3,3,3,3,3,3,3,3,3,3,3,3,3,3,3,3,3,3,3,3,3,3,3,3,3,3,3,3,3,3,3,3
3,3,3,3,3,3,3,3,3,3,3,3,3,3,3,3,3,3,3,3,3,3,3,3,3,3,3,3,3,3,3,3,3,3,3,3,3,3,3,3,3,3,3,3,3,3,3,3,3,3,3,3,3,3,3,3,3,3,3,3,3,3,3,3,3,3,3,3,3,3,3,3,3,3,3,3,3,3,3,3,3,3,3,3,3,3,3,3,3,3,3,3,3,3,3,3,3,3,3,3,3,3,3,3,3,3,3,3,3,3,3,3,3,3,1,1,1,1,1,1,4,4,0,1,1,1,5,1,2,2
4,2,2,2,2,2,2,2,4,4,4,4,4,4,4,0
2,4,4,0,0,0,0,4,0
4,3,3,3,3,3,3,3,3,3,3,3,3,3,3,3,3,3,3,3
2,4,4,0,0,0,0
2,2,2,2,2,2,2,2
4,3,3,3,3,3,3,3,3,3,3,3,3,3,3,3,3,3,3,3,3,3,3,3,3,3,3,3,3,3,3,3,3,3,3,3,3,3,3,3,3,3
4,0,0,0,0,0,0,1,1,5,5,5,5,1,5,5,5,5,5,5,5,1,5,5,5,5,1,1,5,1,1,1,5,5,5,5,5,5,1,1,1,3,3,3,7,7,7,3,3,3,2
1,1,1,1,1,1,1,1,1,3,3,3,3,3,3,2,2,2,4,0,0,0,0,0,0,0,2,2,2,2,6,2,2,1,1,5,5,5,5,5,5,5,5,5,5,5
1,1,1,1,4,4,0,0,0,0,0,0,1,1,5,1,1,1,1,1,2,2,2,2
1,1,1,1,1,1,1,1,1,3,3,3,3,3
4,4,4,4,4,4,4,4,0,0,0,0
1,1,1,1,4,4,0,0,0,0,0,0,1,1,5
4,4,0,0,0,0,0,4,4,4,4,0
1,1,1,1,4,4,0,0,0,0,0,0,1,1,5,1,1,1,1,1,2,2,2
3,3,3,3,3,3,3,3,3,3,3,3,3,3,3,3,3,3,3,3,3,3,3,3,3,3,3,3,3,3,3,3,3,3,3,3,3,3,3,3,3,3,3,3,3,3,3,3,3,3,3,3
3,3,3,3,3,3,3,3,3,3,3,3,3,3,3,3,3,3,3,3,3,3,3,3,3,3,3,3,3,3,3,3,3,3,3,3,3,3,3,3,3,3,3,3,3,3,3,3,3,3,3,3,3,3,3,3,3,3,3,3,3,3,3,3,3,3,3,3,3,3,3,3,3,3,3,3,3,3,3,3,3,3,3,3,3,3,3,3,3,3,3,3,3,3,3,3,3,3,3,3,3,3,3,3,3,3,3,3,3,3,3,3,3,3,1,1,1,1,1,1,4,4
4,4,4,0,3,3
3,3,3,3,3,3,3,3,3,3,3,3,3,3,3,3,3,3,3,3,3,3,3,3,3,3,3,3,3,3,3,3
1,1,1,1,4,4,0,0,0,0,0,0,1,1,5,1,1,1,1,1,2,2,2,2,2,6,6,2,2,2,2,2,6,3,3,3,3,3,3,3,3,3,3,3,3,3,3,3,3,1,1,1,1,1,1
3,3,3,3,3,3,3,3,3,3,3,3,3,3,3,3,3,3,3,3,3,3,3,3,3,3,3,3,3,3,3,3,3,3,3,3,3,3,3,3,3,3,3,3,3,3,3,3,3,3,3,3,3,3,3,3,3,3,3,3,3,3,3,3,3,3,3,3,3,3,3,3,3,3,3,3,3,3,3,3,3,3,3,3,4,4,4,0,0,0,0,0
3,3,3,3,3,3,3,3,3,3,3,3,3,3,3,3,3,3,3,3,3,3,3,3,3,3,3,3,3,3,3,3,3,3,3,3,3,3,3,3,3,3,3,3,3,3,3,3,3,3,3,3,3,3,3,3,3,3,3,3,3,3,3,3,3,3,3,3,3,3,3,3,3,3,3,3,3,3,3,3,3,3,3,3,3,3,3,3,3,3,3,3,3,3,3,3,3,3,3,3,3,3,3,3,3,3,3,3,3,3,3,3,3,3,1,1,1,1,1,1,4,4,0,1,1,1,5,1,2,2,2,2,2,2,6,6,6
4,3,3
3,3,3,3,3,3,3,3,3,3
3,3,3,3,3,3,3,3,3,3,3,3,3,3,3,3,3,3,3,3,3,3,3,3,3,3,3,3,3,3,3,3,3,3,3,3,3,3,3,3,3,3,3,3,3,3
3,3,3,3,3,3,3,3,3,3,3,3,3,3,3,3,3,4,4,4,4,4,4,0,0,0,0,0,0,0,0,0
2,2,2,2,2,2,2,2,2,2,2,2,2,2,4,4,4,0,0,2
1,1,1,1,1,1,1,1,1,3,3,3,3,3,3,2,2,2,4,0,0,0,0,0,0,0,2,2,2,2,6,2,2,1,1,5,5,5,5,5,5,5,5,5,5,5,5,5,5,5,5,5,5,5,5,5,5,5,5,5,5,5,5,5,5,5,5,5,1,1,0,4,4,0,0,0,0,3,3,3,3
1,1,1,1,4,0,4,4,4,2,2,4,4,4,4,4,4,0,0,0,4,4,4,4,4,4,0,0,0,0,0,2,3,3,3,3,3
4,4,4
1,1,2,2,2,2,2,2,2,2,4,4,4,4,4,0,4,4,4,4,4,4,4,0,0,0,0,4,0,0,0,0,0,0,2,6,6,6,6,2,6,6,6,6,6,6,6,2,2,0,0,0
4,4,1,1,1,1,1,1,1,1,1,1,4,4,4,4,4,0,0,0,3,3,3,3
4,4,4,1,1,1,1,1,1,1,1,1,1,1,1,1,1,1,1,1,1,1
1,1,1,1,1,1,1,1,1,3,3,3,3,3,3,2,2,2,4,0,0,0,0,0,0,0,2,2,2,2,6,2,2,1,1,5,5,5,5,5,5,5,5,5,5,5,5,5,5,5,5,5,5,5,5,5,5,5,5,5,5,5,5,5,5,5,5
3,3,3,3,3,3,3,3,3,3,3,3,3,3,3,3,3,4,4,4,4,4,4,0,0,0,0,0,0,0,0,0,0,0
1,1,1,1,1,1,1,1,1,3,3,3,3,3,3,2,2,2,4,0,0,0,0,0,0,0,2,2,2,2,6,2,2,1,1,5,5,5,5,5,5,5,5,5,5,5,5,5,5,5,5,5,5
1,1,1,1,1,1,1,1,1,3,3,3,3,3,3,2,2,2,4,0,0,0,0,0,0,0,2
4,4,0,4,0,2,2,2,2,0
1,1,1,1,4,4,0,0,0,0,0,0,1,1,5,1,1,1,1,1,2,2,2,2,2,6,6,2,2,2,2,2,6,3,3,3,3,3,3,3,3,3,3,3,3,3,3,3,3,1,1,1,1,1,1,1,1,1,1,6,6,6,6,2,2,6,6,6,6,6,6,6,2
1,1,1,1,1,1,1,1,1,3,3,3,3,3,3,2,2,2,4,0,0,0,0,0,0,0,2,2,2
3,3,3,3,3,3,3,3,3,3,3,3,3,3,3,3,3,3
4,3,3,3,3,3,3,3,3,3,3,3
3,3,3,3,3,3,3,3,3,3,3,3,3,3,3,3,3,3,3,3,3,3,3,3,3,3,3,3,3,3,3,3,3,3,3,3,3,3,3,3,3,3,3,3,3,3,3,3,3,3,3,3,3,3,3,3,3,3,3,3,3,3,3,3,3,3,3,3,3,3,3,3,3,3,3,3,3,3,3,3,3,3,3,3,4,4,4,0,0,0,0,0,0,0
4,4,4,4,4,4,4,4,0
3,3,3,3,3,3,3,3,3,3,3,3,3,3,3,3,3,3,3,3,3,3,3,3,3,3,3,3,3,3,3,3,3,3,3,3,3,3,3,3,3,3,3,3,3,3,3,3
1,1,2,2,2,2,2,2,2,2,4,4,4,4,4,0,4,4,4,4,4,4,4,0,0,0,0,4,0,0,0,0,0,0,2,6
2,4,4,0,0,0,0,4,0,0,0,0,4,0,0,0
4,3,3,3,3,3,3,3,3,3,3,3,3
4,0,0,0,0,0,0,1,1,5,5,5,5,1,5,5,5,5,5,5,5,1,5,5,5,5,1,1,5,1
4,4,0,0,3
3,3,3,3,3,3,3,3,3,3,3,3,3,3,3,3,3,3,3,3,3,3,3,3,3,3,3,3,3,3,3,3,3,3,3,3,3,3,3,3,3,3,3,3,3,3,3,3,3,3,3,3,3,3,3,3,3,3,3,3,3,3,3,3,3,3,3,3,3,3,3,3,3,3,3,3,3,3,3,3,3,3,3,3,3,3,3
4,4,4,1,1,1,1,1,1,1,1,1,1,1,1,1,1,1,1,1,1,1,1,1,1,1,1,1,3,3,3,3,3,3,4,4,0,0,2
4,0,0,0,0,0,0,1,1,5,5,5,5,1,5,5,5,5,5,5,5,1,5,5,5,5,1,1,5,1,1,1,5,5,5,5,5,5,1,1,1
4,4,1,1,1,1,1,1,1,1,1,1,4,4,4,4,4,0,0,0,3
4,4,1,1,1,1,1,1,1,1,1,1,4,4
1,1,1,1,1,1,1,1,1,3,3,3,3,3,3,2,2,2,4,0,0,0,0,0,0,0,2,2,2,2,6,2,2,1,1,5,5,5,5,5,5,5,5,5,5,5,5,5,5,5,5,5,5,5,5,5,5,5,5,5,5,5,5
4,4,0,0,0,0,0,4
1,1,1,1,1,1
4,4,1,1,1,1,1,1,1,1,1,1,4,4,4,4,4,0
3,3,3,3,3,3,3,3,3,3,3,3,3,3,3,3,3,3,3,3,3,3,3,3,3,3,3,3,3,3,3,3,3,3,3,3,3,3,3,3,3,3,3,3,3,3,3
4,3,3,3,3,3,3,3,3,3,3,3,3,3,3,3,3,3,3,3,3,3,3,3,3,3,3,3,3,3,3,3,3,3,3,3,3,3,3,3,3,3,3,3
4,4,0,3,3,3
1,1,1,1,4,4,0,0,0,0,0,0,1,1,5,1,1,1,1,1,2,2,2,2,2,6,6,2,2,2,2,2,6,3,3,3,3,3,3,3,3,3,3,3,3,3,3,3,3,1,1,1,1,1,1,1,1,1,1,6,6,6,6,2,2,6,6,6
4,4,0,4,0,2,2,2,2,0,0,4,0,0,4,4,4
1,1,1,1,1,1,1,1,1,3,3,3,3
3,3,3,3,3,3,3,3,3,3,3,3,3,3,3,3,3,3,3,3,3,3,3,3,3,3,3,3,3,3,3,3,3,3,3,3,3,3,3,3,3,3,3,3,3,3,3,3,3,3,3,3,3,3,3,3,3,3,3,3,3,3,3,3,3,3,3,3,3,3,3,3,3,3,3,3,3,3,3,3,3,3,3,3,3,3,3,3,3,3,3,3,3,3,3,3,3,3,3,3,3,3,3,3,3
1,1,1,1,4,4,0,0,0,0,0,0,1,1,5,1,1,1,1,1,2,2,2,2,2,6,6,2,2,2,2,2,6,3,3,3,3,3,3,3,3,3,3,3,3,3,3,3,3,1,1,1,1,1,1,1,1,1,1
1,1,1,1,4,0,4,4,4,2,2
1,1,1
3,3,3,3,3,3,3,3,3,3,3,3,3,3,3,3,3,3,3,3,3,3,3,3,3,3,3,3,3,3,3,3,3,3,3,3,3,3,3,3,3,3,3,3,3,3,3,3,3,3,3,3,3,3,3,3,3
1,1,1,1,1,1,1,1,1,3,3,3,3,3,3,2,2,2,4,0,0,0,0,0,0,0,2,2,2,2,6,2,2,1,1,5,5,5,5,5,5,5,5,5,5,5,5,5,5,5,5,5,5,5,5,5,5,5,5,5,5,5,5,5,5,5,5,5,1,1,0,4,4,0,0,0,0,3,3,3,3,3,3,3,7,7,7,1,1,1,1,1
4,2,2,2,2,2,2,2,4,4,4,4,4
4,4,4,1,1,1,1,1,1,1,1,1,1,1,1,1,1,1,1,1,1,1,1
4,3,3,3,3,3,3,3,3,3,3,3,3,3,3,3,3,3,3,3,3,3,3,3,3,3,3,3,3,3,3,3,3,3,3,3,3,3,3,3,3,3,3,3,2,2,2,2,4
3,3,3,3,3,3,3,3,3,3,3,3,3,3,3,3,3,3,3,3,3,3,3,3,3,3,3,3,3,3,3,3,3,3,3,3,3,3,3,3,3,3,3,3,3,3,3,3,3,3,3,3,3,3,3,3,3,3,3,3,3,3,3,3,3,3,3,3,3,3,3,3,3,3,3,3,3,3,3,3,3,3,3,3,3,3
1,1,2,2,2,2,2,2,2,2,4,4,4,4,4,0,4,4,4,4,4,4,4,0,0,0,0,4,0,0,0,0,0,0,2,6,6,6,6,2,6,6,6,6,6,6
3,3,3,3,3,3,3,3,3,3,3,3,3,3,3,3,3,3,3,3,3,3,3,3,3,3,3,3,3,3,3,3,3,3,3,3,3,3,3,3,3,3,3,3,3,3,3,3,3,3,3,3,3,3,3,3,3,3,3,3,3,3,3,3,3,3,3,3,3,3,3,3,3,3,3,3,3,3,3,3,3,3,3,3,3,3,3,3,3,3,3,3,3,3
1,1,1,1,4,0,4,4,4
3,3,3,3,3,3,3,3,3,3,3,3,3,3,3,3,3,3,3,3,3,3,3,3,3,3,3,3,3,3,3,3,3,3,3,3,3,3,3,3,3,3,3,3,3,3,3,3,3,3,3,3,3,3,3,3,3,3,3,3,3,3,3,3,3,3,3,3,3,3,3,3,3,3,3,3,3,3,3,3,3,3,3,3,3,3,3,3,3,3,3,3,3,3,3,3,3,3,3,3,3,3,3,3,3,3,3,3,3,3,3
1,1,2,2,2,2,2,2,2,2,4,4,4,4,4,0,4,4,4,4,4
1,1,1,1,4,0,4,4,4,2,2,4,4,4,4,4,4,0,0,0,4,4,4,4,4,4,0,0,0,0,0,2,3,3,3
4,4,0,4,0,2,2
4,4,4,1,1,1,1,1,1,1,1,1,1
1,1,1,1,1,1,1,1,1,3,3,3,3,3,3,2,2,2,4,0,0,0,0,0,0,0,2,2,2,2,6,2,2,1,1,5,5,5,5,5,5,5,5,5,5,5,5,5,5,5,5,5,5,5,5,5,5,5,5
2,2,2,2,2,2,2,2,2,2,2,2,2,2,4,4,4,0,0,2,2,3
4,0,0,0,0,0,0,1,1,5,5,5,5,1,5,5,5,5,5,5,5,1,5,5,5,5,1,1,5,1,1,1,5,5,5,5,5,5,1,1,1,3,3,3,7,7,7,3,3,3,2,2,2,2,2,2,6,6,2,2,2,2,6,6,6,6,6
4,3,3,3,3,3,3,3,3
3,3,3,3,3,3,3,3,3,3,3,3,3,3,3,3,3,3,3,3,3,3,3,3,3,3,3,3,3,3,3,3,3,3,3,3,3,3,3,3,3,3,3,3,3,3,3,3,3,3,3,3,3,3,3,3,3,3,3,3,3,3,3,3,3,3,3,3,3,3,3,3,3,3,3,3,3,3,3,3,3,3,3
4,0,0,0,0,0,0,1,1,5,5,5,5,1,5,5,5,5,5,5,5,1,5,5,5,5,1,1,5,1,1,1
3,3,3,3,3,3,3,3,3,3,3
3,3,3,3,3,3,3,3,3,3,3,3,3,3,3,3,3,3,3,3,3,3,3,3,3,3,3,3,3,3,3,3,3,3,3,3,3,3,3,3,3,3,3,3,3,3,3,3,3,3,3,3,3,3,3,3,3,3,3,3,3,3,3,3,3,3,3,3,3,3,3,3,3,3,3,3,3,3,3,3,3,3,3,3,3,3,3,3,3,3,3,3,3,3,3
3,3,3,3,3,3,3,3,3,3,3,3,3,3,3,3,3,3,3,3,3,3,3,3,3,3,3,3,3,3,3,3,3,3,3,3,3,3,3,3,3,3,3,3,3,3,3,3,3,3,3,3,3,3,3,3,3,3,3
3,3,3,3,3,3,3,3,3,3,3,3,3,3,3,3,3,3,3,3,3,3,3,3,3,3,3,3,3,3,3,3,3,3,3,3,3,3,3,3,3,3,3,3,3,3,3,3,3,3,3,3,3,3,3,3,3,3,3,3,3,3,3,3,3,3,3,3,3,3,3,3,3,3,3,3,3,3,3,3,3,3,3,3,3,3,3,3,3,3,3,3,3,3,3,3,3,3,3,3,3,3,3,3,3,3,3,3,3,3,3,3,3,3,1,1,1,1,1,1,4,4,0,1,1,1,5
4
1,1,2,2,2,2,2,2,2,2,4,4,4,4,4,0,4,4,4,4,4,4,4,0,0,0,0,4,0,0,0,0,0,0,2,6,6,6,6,2,6,6,6,6,6,6,6,2,2,0,0,0,0,1,1,1,1,1,1,1,1
3,3,3,3,3,3,3,3,3,3,3,3,3,3,3,3,3,3,3,3,3,3,3,3,3,3,3,3,3,3,3,3,3,3,3,3,3,3,3,3,3,3,3,3,3,3,3,3,3,3,3,3,3,3,3,3,3,3,3,3,3,3,3,3,3,3,3,3,3,3,3,3,3,3,3,3,3,3,3,3,3,3,3,3,3,3,3,3,3,3,3,3,3,3,3,3,3,3,3,3,3,3,3,3,3,3,3,3,3,3
1,1,2,2,2,2,2,2,2,2,4,4,4,4,4,0,4,4,4,4,4,4
3,3,3,3,3,3,3,3,3,3,3,3,3,3,3,3,3,4,4,4,4,4,4,0,0,0,0,0
1,1,1,1,1,1,1,1,1,3,3,3,3,3,3,2,2,2,4,0,0,0,0,0,0,0,2,2,2,2,6,2,2,1,1,5,5,5,5,5,5,5,5,5,5,5,5,5,5,5,5,5,5,5,5,5,5,5,5,5,5,5,5,5,5,5,5,5,1,1
4,4,4,4,4,0,0
1,1,1,1,4,4,0,0,0,0,0,0,1,1,5,1,1,1,1,1,2,2,2,2,2,6,6,2,2,2,2,2,6,3,3,3,3,3,3,3,3,3,3,3,3,3,3,3,3,1,1,1,1,1,1,1,1,1,1,6,6,6,6,2,2,6,6,6,6,6,6,6,2,2,3,3,3,3,3,3,3
4,2,2,2,2,2,2,2,4,4,4,4,4,4,4,0,0,3
1,1,1,1,4,4,0,0,0,0,0,0,1,1,5,1,1,1,1
1,1,1,1,4,4,0,0,0,0,0,0,1,1,5,1,1,1,1,1,2,2,2,2,2,6,6,2,2,2,2,2,6,3,3,3,3,3,3,3,3,3,3,3,3
3,3,3,3,3,3,3,3,3,3,3,3,3,3,3,3,3,3,3,3,3,3,3,3
4,0,0,0,0,0,0,1,1,5,5,5,5,1,5,5,5,5,5,5,5,1,5,5,5,5,1,1,5,1,1,1,5,5,5,5,5,5,1,1,1,3,3,3,7,7,7
3,3,3,3,3,3,3,3,3,3,3,3,3,3,3,3,3,3,3,3,3,3,3,3,3,3,3
1,1,1,1,1,1,1,1,1,3,3,3,3,3,3,2,2,2,4,0,0,0,0,0,0,0,2,2,2,2,6,2,2,1,1,5,5,5,5,5,5,5,5,5,5,5,5,5,5,5,5,5,5,5,5,5,5,5,5,5,5
4,3,3,3,3,3,3,3,3,3,3,3,3,3,3,3,3,3,3,3,3,3,3,3,3,3,3,3,3,3,3,3,3,3,3,3,3,3,3
4,4,0,4,0
1,1,1,1,1,1,1,1,1,3,3,3,3,3,3,2,2,2,4,0,0,0,0,0,0,0,2,2,2,2,6,2,2,1,1,5,5,5,5,5,5,5,5,5,5,5,5,5,5,5,5,5,5,5,5,5,5,5,5,5,5,5,5,5,5,5,5,5,1,1,0,4,4,0,0,0,0,3,3,3,3,3,3,3,7,7,7,1
4,3,3,3,3,3,3,3,3,3,3,3,3,3,3,3,3,3,3,3,3,3,3,3
4,0,0,0,0,0,0,1,1,5,5,5,5,1,5,5,5,5,5,5,5,1,5,5,5,5,1
4,4,0,4,0,2,2,2,2,0,0,4,0,0,4,4,4,4,4,0,3
4,3,3,3,3,3,3,3,3,3,3,3,3,3,3,3,3,3,3,3,3,3,3,3,3,3,3,3,3,3,3,3,3,3,3,3,3,3,3,3,3,3,3,3,2,2
4,4,1,1,1,1,1,1,1,1,1,1
4,0,0,0,0,0,0,1,1,5,5,5,5,1,5,5,5,5,5,5,5,1,5,5,5,5,1,1,5,1,1
4,0,0,0,0,0,0,1,1,5,5,5,5,1,5,5,5,5,5,5,5,1,5,5,5,5,1,1,5,1,1,1,5,5,5,5,5,5,1,1,1,3,3,3,7
4,4,0,4
3,3,3,3,3,3,3,3,3,3,3,3,3,3,3,3,3,3,3,3,3,3,3,3,3,3,3,3,3,3,3,3,3,3,3,3,3,3,3,3,3,3,3,3,3,3,3,3,3,3,3,3,3,3,3,3,3,3,3,3,3,3,3,3,3,3,3,3,3,3,3,3,3,3,3,3,3,3,3,3,3,3,3,3,3,3,3,3,3,3,3,3,3
4,4,0,4,0,2,2,2,2,0,0,4,0,0,4,4,4,4,4,0
1,1,1,1,1,1,1,1,1,3,3,3,3,3,3,2,2,2,4,0,0,0,0,0,0,0,2,2,2,2
1,1,1,1,1,1,1,1,1,3,3,3,3,3,3,2,2,2,4,0,0,0,0,0,0,0,2,2,2,2,6,2,2,1,1,5,5,5,5,5,5,5,5,5,5,5,5,5,5,5
4,3,3,3,3,3
1,1,1,1,1,1,1,1,1,3,3,3,3,3,3,2,2,2,4,0,0,0,0,0,0,0,2,2,2,2,6
3,3,3,3,3,3,3,3,3,3,3,3,3,3,3,3,3,3,3,3,3,3,3,3,3,3,3,3,3,3,3,3,3,3,3,3,3,3,3,3,3,3,3,3,3,3,3,3,3,3,3,3,3,3,3,3,3,3,3,3,3,3,3,3,3
1,1,2,2,2,2,2,2,2,2,4,4,4,4,4,0,4,4,4,4,4,4,4,0,0,0,0,4,0,0,0,0,0,0,2,6,6,6,6,2,6,6
4,4,4,1,1,1,1
3,3,3,3,3,3,3,3,3,3,3,3,3,3,3,3,3,3,3,3,3,3,3,3,3,3,3,3,3,3,3,3,3,3,3,3,3,3,3,3,3,3,3,3,3,3,3,3,3,3,3,3,3,3,3,3,3,3,3,3,3,3,3,3,3,3,3,3,3,3,3,3,3,3,3,3,3,3,3,3,3,3,3,3,4,4,4,0,0,0,0,0,0,0,3,3
4,3,3,3,3,3,3,3,3,3,3,3,3,3,3,3,3,3,3,3,3,3,3,3,3,3,3,3,3,3,3,3,3,3,3,3,3,3,3,3,3,3,3,3,2,2,2,2,4,4
3,3,3,3,3,3,3,3,3,3,3,3,3,3,3,3,3,4,4,4,4,4,4,0,0,0,0,0,0,0,0,0,0,0,0
4,2,2,2,2,2,2,2,4,4,4
1,1,1,1,4,4,0,0,0,0,0,0,1,1,5,1,1,1,1,1,2,2,2,2,2,6,6,2,2,2,2,2,6,3,3,3,3,3,3,3,3,3,3,3,3,3,3,3,3
4,4,4,1
4,3,3,3,3,3,3,3,3,3,3,3,3,3,3,3,3,3,3,3,3,3,3,3,3,3,3,3,3,3,3,3,3,3,3,3,3,3
3,3,3,3,3,3,3,3,3,3,3,3,3,3,3,3,3,4,4,4,4,4,4,0,0,0,0,0,0,0,0,0,0,0,0,0,0,0,3,3
4,3,3,3,3,3,3,3,3,3,3,3,3,3,3,3,3,3,3,3,3,3,3,3,3,3,3,3,3,3,3,3,3,3,3,3,3,3,3,3,3
2,2,2,2,2,2,2,2,2,2,2,2,2,2,4,4,4,0
3,3,3,3,3,3,3,3,3,3,3,3,3,3,3,3,3,3,3,3,3,3,3,3,3,3,3,3,3,3,3,3,3,3,3,3,3,3,3,3,3,3,3,3,3,3,3,3,3,3,3,3,3,3,3,3,3,3,3,3,3,3,3,3,3,3,3,3,3,3,3,3,3,3,3,3,3,3,3,3,3,3,3,3,4,4,4,0,0,0,0,0,0,0,3,3,3,3,3,3,3,3
4,4,0,3,3
3,3,3,3,3,3,3,3,3,3,3,3,3,3,3,3,3,3,3,3,3,3,3,3,3,3,3,3,3,3,3,3,3,3,3,3,3,3,3,3,3,3,3,3,3,3,3,3,3,3,3,3,3,3,3,3,3,3,3,3,3,3,3,3,3,3,3,3,3,3,3,3,3,3,3,3,3,3,3,3,3,3,3,3,3,3,3,3,3,3,3,3,3,3,3,3,3,3
4,4,4,1,1,1,1,1,1,1,1,1,1,1,1,1,1,1,1,1,1,1,1,1,1,1,1
1,1,2,2,2,2,2,2,2,2,4,4,4,4,4,0,4,4,4,4,4,4,4,0,0,0,0
4,0,0,0,0,0,0,1,1,5,5,5,5,1,5,5,5,5,5,5,5,1,5,5,5,5,1,1,5,1,1,1,5,5,5,5,5,5,1,1,1,3,3,3,7,7,7,3,3,3,2,2,2,2,2,2,6
4,0,0,0,0,0,0,1,1,5,5,5,5,1,5,5,5,5,5,5,5,1,5,5,5,5,1,1,5,1,1,1,5,5,5
4,0,0,0,0,0,0,1,1,5,5,5,5,1,5,5,5,5,5,5,5,1,5,5,5,5,1,1,5,1,1,1,5,5,5,5,5,5,1,1,1,3,3,3,7,7,7,3,3,3,2,2
1,1,1,1,1
1,1,1,1,1,1,1,1,1,3,3,3,3,3,3,2,2,2,4,0,0,0,0,0,0,0,2,2,2,2,6,2,2,1,1,5,5,5,5,5,5,5,5,5,5,5,5,5,5,5,5,5,5,5,5,5,5,5,5,5,5,5,5,5,5,5,5,5,1,1,0,4,4,0,0,0,0,3
1,1,1,1,1,1,1,1,1,3,3,3,3,3,3,2,2,2
1,1,1,1,1,1,1,1,1,3,3,3,3,3,3,2,2,2,4,0,0,0,0,0,0,0,2,2,2,2,6,2,2,1,1,5,5,5,5,5,5,5,5,5,5,5,5,5,5,5,5,5
4,4,0,0,0,3,3,3,3
4,0,0,0,0,0,0,1,1,5,5,5,5,1,5,5,5,5,5,5,5,1,5,5,5,5,1,1,5,1,1,1,5,5,5,5
1,1,2,2,2,2,2,2,2,2,4,4,4,4,4,0,4,4,4,4,4,4,4,0,0,0,0,4,0,0,0,0,0,0,2,6,6,6
2,2,2,2,2,2,2,2,2,2,2,2,2,2,4,4,4,0,0
4,4,4,1,1,1,1,1,1,1,1,1,1,1,1,1,1,1,1,1,1,1,1,1,1,1,1,1,3,3,3,3,3
1,1,1,1,1,1,1,1
4,0,0,0,0,0,0,1,1,5,5,5,5,1,5,5,5,5,5,5,5,1,5,5,5,5,1,1,5,1,1,1,5,5,5,5,5,5,1,1,1,3,3,3,7,7,7,3,3,3,2,2,2,2,2,2,6,6,2,2,2,2,6,6,6,6
1,1,1,1,4,4,0,0,0,0,0,0,1,1,5,1,1,1,1,1,2,2,2,2,2,6,6,2,2,2,2,2,6,3
3,3,3,3,3,3,3,3,3,3,3,3,3,3,3,3,3,3,3,3,3,3,3,3,3,3,3,3,3,3,3,3,3,3,3,3,3,3,3,3,3,3,3,3,3,3,3,3,3,3,3,3,3,3,3,3,3,3,3,3,3,3,3,3,3,3,3,3,3,3,3,3,3,3,3,3,3,3,3,3,3,3,3,3,3,3,3,3,3,3,3,3,3,3,3,3,3,3,3,3,3,3,3,3,3,3,3
4,4,4,1,1
4,4,4,4,4,4,4,4,0,0,0,0,3,3,3
1,1,1,1,4,4,0,0,0,0,0,0,1,1,5,1,1,1,1,1,2,2,2,2,2,6,6,2,2,2,2,2,6,3,3,3
3,3,3,3,3,3,3,3,3,3,3,3,3,3,3,3,3,3,3,3,3,3,3,3,3,3,3,3,3,3,3,3,3,3,3,3,3,3,3,3,3,3,3,3,3,3,3,3,3,3,3,3,3,3,3,3,3,3,3,3,3,3,3,3,3,3,3,3,3,3,3,3,3,3,3,3,3,3,3,3,3,3,3,3,3,3,3,3,3,3,3,3,3,3,3,3,3,3,3,3,3,3,3,3,3,3,3,3,3,3,3,3,3,3,1,1,1,1,1,1,4,4,0,1
3,3,3,3,3,3,3,3,3,3,3,3,3,3,3,3,3,3,3,3,3,3,3,3,3,3,3,3,3,3,3,3,3,3,3,3,3,3,3,3,3,3,3,3,3,3,3,3,3,3,3
1,1,2,2,2,2,2,2,2,2,4,4,4,4,4,0,4,4,4,4,4,4,4,0,0,0,0,4,0,0,0,0,0,0,2,6,6
2,2,2,2,2,2,2,2,2,2,2,2,2,2
1,1,1,1,1,1,1,1,1,3,3,3,3,3,3,2,2,2,4,0,0,0,0,0,0,0,2,2,2,2,6,2,2,1,1,5,5,5,5,5,5,5,5,5,5,5,5,5,5,5,5,5,5,5,5,5,5,5,5,5,5,5,5,5,5,5,5,5,1
4,4,4,1,1,1,1,1,1,1,1,1,1,1
2,4,0,4,1
2,4
4,3,3,3,3
3,3,3,3,3,3,3,3,3,3,3,3,3,3,3,3,3,4,4,4,4,4,4,0,0,0,0,0,0
2,4,0,4
1,1,2,2,2,2,2,2,2,2,4,4,4,4,4,0,4,4,4,4,4,4,4,0,0,0,0,4,0,0,0,0,0,0,2,6,6,6,6,2,6
2,4,4,0,0,0,0,4,0,0,0,0,4,0,0,0,0,0,4,4,0,0,0,4,4
4,4,4,1,1,1,1,1,1,1,1,1,1,1,1,1,1,1,1,1,1,1,1,1,1
4,4,1,1,1,1,1,1,1,1,1,1,4,4,4,4,4,0,0
1,1,1,1,4,0,4,4,4,2,2,4,4,4,4,4,4,0,0
2,4,4,0,0,0,0,4,0,0,0,0,4,0,0,0,0
4,3,3,3,3,3,3,3,3,3,3,3,3,3,3,3,3,3,3,3,3
1,1,1,1,4,0,4,4
2,4,4,0,0,0,0,4,0,0,0,0,4,0,0,0,0,0,4,4,0,0,0,4,4,0
3,3,3,3,3,3,3,3,3,3,3,3,3,3,3,3,3,3,3,3,3,3,3,3,3,3,3,3,3,3,3,3,3,3,3,3,3,3,3,3,3,3,3,3,3,3,3,3,3,3,3,3,3,3,3,3,3,3,3,3,3,3,3,3,3,3,3,3,3,3,3,3,3,3,3,3,3,3,3,3,3,3,3,3,4,4,4,0,0,0,0,0,0,0,3,3,3
3,3,3,3,3,3,3,3,3,3,3,3,3,3,3,3,3,3,3,3,3,3,3,3,3,3,3,3,3,3,3,3,3,3,3,3,3,3,3,3,3,3,3,3,3,3,3,3,3,3,3,3,3,3,3
4,4,0,4,0,2,2,2,2,0,0,4
3,3,3,3,3,3,3,3,3,3,3,3,3,3,3,3,3,3,3,3,3,3,3,3,3,3,3,3,3,3,3,3,3,3,3,3,3,3,3,3,3,3,3,3,3,3,3,3,3,3
1,1,1,1,1,1,1,1,1,3,3,3,3,3,3,2,2,2,4,0,0,0,0,0,0,0,2,2,2,2,6,2,2,1,1,5,5,5,5,5,5,5,5,5,5,5,5,5,5,5,5,5,5,5,5,5,5,5,5,5,5,5,5,5,5,5,5,5,1,1,0,4,4,0,0,0,0,3,3,3,3,3
4,0,0,0,0,0,0,1,1,5,5,5,5,1,5,5,5,5,5,5,5,1,5,5,5,5,1,1
4,2,2,2,2
1,1,1,1,4,4,0,0,0,0,0,0,1,1,5,1,1,1,1,1,2,2,2,2,2,6,6,2,2,2,2,2,6,3,3,3,3,3,3,3,3,3,3,3,3,3,3,3,3,1,1,1,1,1,1,1,1,1,1,6,6,6,6,2,2,6
1,1,1,1,1,1,1,1,1,3,3,3,3,3,3,2,2,2,4,0,0,0,0,0,0,0,2,2,2,2,6,2,2,1,1
2,4,4,0,0,0,0,4,0,0,0,0,4,0,0,0,0,0,4,4,0,0,0,4
3,3,3,3,3,3,3,3,3,3,3,3,3,3,3,3,3,3,3,3,3,3,3,3,3,3,3,3,3,3,3,3,3,3,3,3,3,3,3,3,3,3,3,3,3,3,3,3,3,3,3,3,3,3
1,1,2,2,2,2,2,2,2,2,4,4,4,4,4,0
3,3,3,3,3,3,3,3,3,3,3,3,3,3,3,3,3,3,3,3,3,3,3,3,3,3,3,3,3,3,3,3,3,3,3,3,3,3,3,3,3,3,3,3,3,3,3,3,3,3,3,3,3,3,3,3,3,3,3,3,3,3
3,3,3,3,3,3,3,3,3,3,3,3,3,3,3,3,3,3,3,3,3,3,3,3,3,3,3,3,3,3,3,3,3,3,3,3,3,3,3,3,3,3,3,3,3,3,3,3,3,3,3,3,3,3,3,3,3,3,3,3,3,3,3,3,3,3,3,3,3,3,3,3,3,3,3,3,3,3,3,3,3,3,3,3,3,3,3,3,3
1,1,1,1,1,1,1,1,1,3,3,3,3,3,3,2,2,2,4,0,0,0,0,0,0,0,2,2,2,2,6,2,2,1,1,5,5,5,5,5,5,5
2,2,2
2,4,4,0,0,0,0,4,0,0,0
4,4,0,3
3,3,3,3,3,3,3,2,2,2,2,4
4,4,4,1,1,1,1,1,1,1,1,1,1,1,1,1,1,1,1,1,1,1,1,1,1,1,1,1,3,3,3
4,4,0,4,0,2,2,2,2,0,0,4,0
1,1,1,1,1,1,1,1,1,3,3,3,3,3,3,2,2,2,4,0,0,0,0,0,0,0,2,2,2,2,6,2,2,1,1,5
1,1,1,1,4,0,4,4,4,2,2,4,4,4,4,4,4,0,0,0,4,4,4,4,4,4,0,0,0,0,0
4,4,1,1,1,1,1,1,1,1,1,1,4
4,4,4,0
3,3,3,3,3,3,3,3,3,3,3,3,3,3,3,3,3,3,3,3
4,4,4,1,1,1,1,1,1,1,1,1,1,1,1,1,1,1,1,1,1,1,1,1,1,1,1,1,3,3,3,3,3,3,4
1,1,1,1,4,4,0,0,0
3,3,3,3,3,3,3,3,3,3,3,3,3,3,3,3,3,3,3,3,3,3,3,3,3,3,3,3,3,3,3,3,3,3,3,3,3,3,3,3,3,3,3,3,3,3,3,3,3,3,3,3,3,3,3,3,3,3,3,3,3,3,3,3,3,3,3,3,3,3,3,3,3,3,3,3,3,3,3,3,3
1,1,1,1,1,1,1,1,1,3,3,3,3,3,3,2,2,2,4,0,0,0,0,0,0,0,2,2,2,2,6,2,2,1,1,5,5,5,5,5,5,5,5,5,5,5,5,5,5,5,5,5,5,5,5,5,5,5,5,5,5,5,5,5,5,5,5,5,1,1,0,4,4,0,0,0,0,3,3,3,3,3,3,3,7,7,7,1,1,1,1,1,1
4,3,3,3,3,3,3,3,3,3,3,3,3,3,3,3,3,3
1,1,1,1,4,4,0,0,0,0,0,0,1,1,5,1,1,1,1,1,2,2,2,2,2,6,6,2,2,2,2,2,6,3,3,3,3,3,3,3,3,3,3,3,3,3,3,3,3,1,1,1,1,1,1,1,1,1,1,6,6,6,6,2,2,6,6,6,6,6,6,6
4,4,0,0,0,0,0,3,3,3
1,1,1,1,1,1,1,1,1,3,3,3,3,3,3,2,2
1,1,2,2,2,2,2,2,2,2,4,4,4,4,4,0,4,4,4,4,4,4,4,0,0,0,0,4,0,0,0,0,0,0,2,6,6,6,6,2,6,6,6,6,6
1,1,1,1,1,1,1,1,1,3,3,3,3,3,3,2,2,2,4,0,0,0,0,0,0,0,2,2,2,2,6,2,2,1,1,5,5,5,5,5,5,5,5,5,5,5,5,5,5,5,5,5,5,5,5,5,5,5,5,5,5,5,5,5,5,5,5,5,1,1,0,4,4,0,0
1,1,1,1,1,1,1,1,1,3,3,3,3,3,3,2,2,2,4,0,0,0,0,0,0,0,2,2,2,2,6,2,2,1,1,5,5,5,5,5,5,5,5,5
4,3,3,3,3,3,3,3,3,3,3,3,3,3,3,3,3,3,3
3,3,3,3,3,3,3,3,3,3,3,3,3,3,3,3,3,3,3,3,3,3,3,3,3,3,3,3,3,3,3,3,3,3,3,3,3,3,3,3,3,3,3,3,3,3,3,3,3,3,3,3,3,3,3,3,3,3,3,3,3,3,3,3,3,3,3,3,3,3,3,3,3,3,3,3,3,3,3,3,3,3,3,3,3,3,3,3,3,3,3,3,3,3,3,3,3,3,3,3,3,3,3,3,3,3,3,3,3,3,3,3,3,3,1,1,1,1,1,1,4
1,1,1,1,1,1,1,1,1,3,3,3,3,3,3,2,2,2,4,0,0,0,0,0
4,4
4,3,3,3,3,3,3,3,3,3,3,3,3,3,3,3,3,3,3,3,3,3,3,3,3,3,3
1,1,1,1,4,4,0,0,0,0,0,0,1,1,5,1,1,1,1,1,2,2,2,2,2,6,6,2,2,2,2,2,6,3,3,3,3,3,3,3,3,3,3,3,3,3,3,3,3,1,1,1,1,1,1,1,1
1,1,2,2,2,2,2,2,2,2,4,4
3,3,3,3,3,3,3,3,3,3,3,3,3,3,3,3,3,3,3,3,3,3,3,3,3,3,3,3,3,3,3,3,3,3,3,3,3,3,3,3,3,3,3,3,3,3,3,3,3,3,3,3,3,3,3,3,3,3,3,3,3
1,1,1,1,4,4,0,0
1,1,2,2,2,2
4,3,3,3,3,3,3,3,3,3,3,3,3,3,3,3,3,3,3,3,3,3,3,3,3,3,3,3,3,3,3,3,3,3,3,3,3,3,3,3,3,3,3,3,2
1,1,2,2,2,2,2,2,2,2,4,4,4,4,4,0,4,4,4,4,4,4,4,0,0,0,0,4,0,0,0,0,0,0,2,6,6,6,6,2,6,6,6,6,6,6,6
2,4,4,0,0,0,0,4,0,0,0,0,4,0
1,1,1,1,4,4,0,0,0,0,0,0,1,1,5,1,1,1,1,1,2,2,2,2,2,6
4,4,0,4,0,2,2,2,2,0,0
3,3,3,3,3,3,3,3,3,3,3,3,3,3,3,3,3,3,3,3,3,3,3,3,3,3,3,3,3,3,3,3,3,3,3,3,3,3,3,3,3,3,3
2,4,4,0,0,0,0,4,0,0,0,0,4,0,0,0,0,0,4,4
3,3,3,3,3,3,3,3,3,3,3,3,3,3,3,3,3,3,3,3,3,3,3,3,3,3
1,1,2,2,2,2,2,2,2,2,4,4,4
1,1,2,2,2,2,2,2,2
3,3,3,3,3,3,3,3,3,3,3,3,3,3,3,3,3,4,4,4,4,4,4,0
3,3,3,3,3,3,3,3,3,3,3,3,3,3,3,3,3,3,3,3,3,3,3,3,3,3,3,3,3,3,3,3,3,3,3,3,3,3,3,3,3,3
1,1,1,1,4,4,0,0,0,0,0,0,1,1,5,1,1,1,1,1,2,2,2,2,2,6,6,2,2,2,2,2,6,3,3,3,3,3,3,3,3
3,3,3,3,3,3,3,3,3,3,3,3,3,3,3,3,3,3,3,3,3,3,3,3,3,3,3,3,3,3,3,3,3,3,3,3,3,3,3,3,3,3,3,3,3,3,3,3,3,3,3,3,3,3,3,3,3,3,3,3
1,1,1,1,1,1,1
3,3,3,3,3,3,3,3,3,3,3,3,3,3,3,3,3,3,3,3,3,3,3,3,3,3,3,3,3,3,3,3,3,3,3,3,3,3,3,3,3,3,3,3,3,3,3,3,3,3,3,3,3,3,3,3,3,3,3,3,3,3,3,3,3,3,3,3,3,3,3,3,3,3,3,3,3,3,3,3,3,3,3,3,4,4,4,0,0,0,0,0,0,0,3,3,3,3
1,1,2,2,2,2,2,2,2,2,4,4,4,4
1,1,1,1,4,0,4,4,4,2,2,4,4,4,4,4,4,0,0,0,4,4,4,4,4,4
3,3,3,3,3,3,3,3,3,3,3,3,3,3,3,3,3,3,3,3,3,3,3,3,3,3,3,3,3,3,3,3,3,3,3,3,3,3,3,3,3,3,3,3,3,3,3,3,3,3,3,3,3,3,3,3,3,3,3,3,3,3,3,3,3,3,3,3,3,3,3,3,3,3,3,3,3,3,3,3,3,3,3,3,4
3,3,3,3,3,3,3,3,3,3,3,3,3,3,3,3,3,3,3,3,3,3,3,3,3,3,3,3,3,3
3,3,3,3,3,3,3,3,3,3,3,3,3,3,3,3,3,3,3,3,3,3,3,3,3,3,3,3,3,3,3,3,3,3,3,3,3,3,3,3,3,3,3,3,3,3,3,3,3,3,3,3,3,3,3,3,3,3,3,3,3,3,3,3,3,3,3,3,3,3,3,3,3,3,3,3,3,3,3,3,3,3,3,3,3,3,3,3,3,3,3,3,3,3,3,3,3,3,3,3,3,3,3,3,3,3,3,3,3,3,3,3,3,3,1,1,1,1,1,1,4,4,0,1,1,1,5,1,2,2,2,2
4,0,0,0,0,0,0,1,1,5,5,5,5,1,5,5,5,5,5,5,5,1,5,5,5,5,1,1,5,1,1,1,5,5,5,5,5,5,1,1,1,3,3,3,7,7,7,3,3
3,3,3,3,3,3,3,3,3,3,3,3,3,3,3,3,3,3,3,3,3,3,3,3,3,3,3,3,3,3,3,3,3,3,3,3,3,3,3,3,3,3,3,3,3,3,3,3,3,3,3,3,3,3,3,3,3,3,3,3,3,3,3,3,3,3,3,3,3,3,3,3,3,3,3,3,3,3,3,3,3,3,3,3,3,3,3,3,3,3,3,3,3,3,3,3,3,3,3
1,1,2,2,2,2,2,2,2,2,4,4,4,4,4,0,4,4,4,4,4,4,4,0,0,0,0,4,0,0,0,0,0,0,2,6,6,6,6,2,6,6,6,6,6,6,6,2,2,0,0,0,0,1,1,1,1
3,3,3,3,3,3,3,3,3,3,3,3,3,3,3,3,3,3,3,3,3,3,3,3,3,3,3,3,3,3,3,3,3,3,3,3,3,3,3,3,3,3,3,3,3,3,3,3,3,3,3,3,3,3,3,3,3,3,3,3,3,3,3,3,3,3,3,3,3,3,3,3,3,3,3,3,3,3,3,3,3,3,3,3,3,3,3,3,3,3,3,3,3,3,3,3,3,3,3,3,3,3,3,3,3,3,3,3,3,3,3,3,3,3,1,1,1,1,1,1,4,4,0,1,1,1,5,1,2,2,2,2,2
4,0,0,0
4,4,4,4,4,4,4,4
3,3,3,3,3,3,3,3,3,3,3,3,3,3,3,3,3,3,3,3,3,3,3,3,3,3,3,3,3,3,3,3,3,3
1,1,1,1,4,0,4,4,4,2,2,4,4,4,4,4,4,0,0,0,4,4,4,4,4,4,0,0,0
4,4,0,4,0,2,2,2
1,1,1,1,1,1,1,1,1,3,3,3,3,3,3,2,2,2,4,0,0,0,0,0,0,0,2,2,2,2,6,2,2,1,1,5,5,5,5,5,5,5,5,5,5,5,5,5,5,5,5,5,5,5,5,5,5,5,5,5,5,5,5,5,5
3,3,3,3,3,3,3,3,3,3,3,3,3,3,3,3,3,3,3,3,3,3,3,3,3,3,3,3,3,3,3,3,3,3,3,3,3,3,3,3,3,3,3,3,3,3,3,3,3,3,3,3,3,3,3,3,3,3,3,3,3,3,3,3,3,3,3,3,3,3,3,3,3,3,3,3,3,3,3,3,3,3,3,3,4,4,4,0,0,0,0
4,4,0,4,0,2,2,2,2,0,0,4,0,0
3,3,3,3,3,3,3,3,3,3,3,3,3,3,3,3,3,4,4,4,4,4,4,0,0,0,0,0,0,0,0,0,0
1,1,1,1,4,4,0,0,0,0,0,0,1,1,5,1,1,1,1,1,2,2,2,2,2,6,6,2,2,2,2
3,3,3,3,3,3,3,3,3,3,3,3,3,3,3,3,3,3,3,3,3,3,3,3,3,3,3,3,3,3,3,3,3,3,3,3,3,3,3,3,3,3,3,3,3,3,3,3,3,3,3,3,3,3,3,3,3,3,3,3,3,3,3,3,3,3,3,3,3,3,3,3,3,3,3,3,3,3,3,3,3,3,3,3,4,4,4,0,0,0,0,0,0,0,3,3,3,3,3,3,3
4,3,3,3,3,3,3,3,3,3,3,3,3,3,3,3,3,3,3,3,3,3,3,3,3,3,3,3,3,3,3,3,3,3,3,3,3,3,3,3,3,3,3,3,2,2,2
4,3,3,3,3,3,3,3,3,3,3,3,3,3,3,3,3,3,3,3,3,3,3,3,3,3,3,3,3,3,3,3
1,1,1,1,4,4,0,0,0,0,0,0,1,1,5,1,1,1,1,1,2,2,2,2,2,6,6,2,2
4,3,3,3,3,3,3,3,3,3,3,3,3,3,3,3,3,3,3,3,3,3
1,1,1,1,4,4,0,0,0,0,0,0,1,1,5,1,1,1,1,1,2,2,2,2,2
2,4,4,0,0,0,0,4,0,0
3,3,3,3,3,3,3,3,3,3,3,3,3,3,3,3,3,3,3,3,3,3,3,3,3,3,3,3,3,3,3,3,3,3,3,3,3,3,3,3,3,3,3,3,3,3,3,3,3,3,3,3,3,3,3,3,3,3,3,3,3,3,3,3,3,3,3,3,3,3,3,3,3,3,3,3,3,3,3,3,3,3,3,3,3,3,3,3,3,3,3,3,3,3,3,3,3,3,3,3,3,3,3,3,3,3,3,3,3,3,3,3,3,3,1,1,1
1,1,1,1,1,1,1,1,1,3,3,3,3,3,3,2,2,2,4,0,0,0,0,0,0,0,2,2,2,2,6,2,2,1,1,5,5,5,5,5,5,5,5,5,5,5,5,5,5,5,5,5,5,5,5,5,5,5,5,5,5,5,5,5,5,5,5,5,1,1,0,4
3,3,3,3,3,3,3,3,3,3,3,3,3,3,3,3,3,3,3,3,3,3,3,3,3,3,3,3,3,3,3,3,3,3,3,3,3,3,3,3,3,3,3,3,3,3,3,3,3,3,3,3,3,3,3,3,3,3,3,3,3,3,3,3,3,3,3,3,3,3,3,3,3,3,3,3,3,3,3,3,3,3,3,3,3,3,3,3,3,3,3,3,3,3,3,3,3,3,3,3,3,3,3,3,3,3,3,3,3
4,4,4,1,1,1,1,1,1,1
4,3,3,3,3,3,3,3,3,3,3,3,3,3,3,3,3,3,3,3,3,3,3,3,3,3,3,3,3,3,3
4,4,4,1,1,1,1,1,1,1,1,1,1,1,1,1,1,1,1,1,1,1,1,1,1,1,1,1,3,3
1,1,1,1,4,0,4,4,4,2,2,4,4,4,4,4,4
1,1,2,2,2,2,2,2,2,2,4,4,4,4,4,0,4,4,4,4,4,4,4,0,0,0,0,4,0,0,0,0,0,0,2,6,6,6,6,2,6,6,6,6,6,6,6,2,2,0,0
1,1,2,2,2
2,4,4,0
4,0,0,0,0,0,0,1,1,5,5,5,5,1,5,5,5,5,5,5,5,1,5,5,5,5,1,1,5,1,1,1,5,5,5,5,5,5,1,1
1,1,1,1,4,4,0,0,0,0,0,0,1,1,5,1,1,1,1,1,2,2,2,2,2,6,6,2,2,2,2,2,6,3,3,3,3,3,3,3,3,3,3,3,3,3,3,3,3,1,1,1,1,1,1,1,1,1,1,6,6,6,6,2,2,6,6,6,6,6
4,3
3,3,3,3,3,3,3,3,3,3,3,3,3,3,3,3,3,3,3,3,3,3,3,3,3,3,3,3,3,3,3,3,3,3,3,3,3,3,3,3,3,3,3,3,3,3,3,3,3,3,3,3,3,3,3,3,3,3,3,3,3,3,3,3,3,3,3,3,3,3,3,3,3,3,3,3,3,3,3,3,3,3,3,3
4,4,4,1,1,1,1,1,1,1,1,1,1,1,1,1,1,1,1,1,1,1,1,1,1,1,1,1,3,3,3,3,3,3,4,4
1,1,1,1,1,1,1,1,1,3,3,3,3,3,3,2,2,2,4,0,0,0,0,0,0,0,2,2,2,2,6,2,2,1,1,5,5,5,5,5,5,5,5,5,5,5,5,5,5,5,5,5,5,5,5,5,5,5,5,5,5,5
4,4,4,1,1,1,1,1
4,4,0,4,0,2
4,4,0,0,0,3,3
4,4,0,0,0,0,0,4,4,4,4,0,0,0,0
3,3,3,3,3,3,3,3,3,3,3,3,3,3,3,3,3,3,3,3,3,3,3,3,3,3,3,3,3,3,3,3,3,3,3,3,3,3,3,3,3,3,3,3,3,3,3,3,3,3,3,3,3,3,3,3,3,3,3,3,3,3,3,3,3,3,3,3,3,3,3,3,3,3,3,3,3,3,3,3,3,3,3,3,3,3,3,3,3,3,3,3,3,3,3,3,3,3,3,3,3,3,3,3,3,3,3,3,3,3,3,3,3,3,1,1,1,1,1,1,4,4,0,1,1,1,5,1,2,2,2,2,2,2,6,6,6,6,6,6,6,2,3,7
4,4,1,1,1,1,1,1,1,1
4,2,2,2,2,2,2,2,4,4,4,4,4,4
4,4,0,0,0,0
4,4,4,0,3
4,3,3,3,3,3,3,3,3,3,3,3,3,3,3,3,3,3,3,3,3,3,3,3,3,3
3,3,3,3,3,3,3,3,3,3,3,3,3,3,3,3,3,3,3,3,3,3,3,3,3,3,3,3,3,3,3,3,3,3,3,3,3,3,3,3,3,3,3,3,3,3,3,3,3,3,3,3,3,3,3,3,3,3,3,3,3,3,3,3,3,3,3,3,3,3,3,3,3,3,3,3,3,3,3,3,3,3,3,3,4,4,4
3,3,3,3,3,3,3,3,3,3,3,3,3,3,3,3,3,3,3,3,3,3,3,3,3,3,3,3,3,3,3,3,3
2,2,2,2,2,2,2,2,2,2,2,2,2
4,3,3,3,3,3,3,3,3,3,3,3,3,3,3,3,3,3,3,3,3,3,3,3,3,3,3,3,3,3,3,3,3,3,3,3,3,3,3,3,3,3,3,3,2,2,2,2,4,4,4,4,0,3
1,1,1,1,4,4,0,0,0,0,0,0,1,1,5,1,1,1,1,1,2,2,2,2,2,6,6
1,1,1,1,1,1,1,1,1,3,3,3,3,3,3,2,2,2,4,0,0,0,0,0,0
4,4,1,1,1,1,1,1,1,1,1
3,3,3,3,3,3,3,3,3,3,3,3,3,3,3,3,3,3,3,3,3,3,3,3,3,3,3,3,3,3,3,3,3,3,3,3,3,3,3,3,3,3,3,3,3,3,3,3,3,3,3,3,3,3,3,3,3,3,3,3,3,3,3,3,3,3,3,3,3,3,3,3,3,3,3,3,3,3,3,3,3,3,3,3,3,3,3,3,3,3,3,3,3,3,3,3,3,3,3,3,3,3,3,3,3,3,3,3,3,3,3,3,3,3,1
3,3,3,3,3,3,3,3,3,3,3,3,3,3,3,3,3,3,3
1,1,2,2,2,2,2,2
4,4,0,4,0,2,2,2,2,0,0,4,0,0,4,4,4,4
4,0,0,0,0,0,0,1,1,5,5,5,5,1,5,5,5,5,5,5,5
3,3,3,3,3,3,3,2
1,1,1,1,1,1,1,1,1,3,3,3,3,3,3,2,2,2,4,0,0,0,0,0,0,0,2,2,2,2,6,2,2,1
4,4,4,4,4,0
1,1,1,1,1,1,1,1,1,3,3,3,3,3,3,2,2,2,4,0,0,0,0,0,0,0,2,2,2,2,6,2,2,1,1,5,5,5,5,5,5
3,3,3,3,3,3,3,2,2,2,2
4,3,3,3,3,3,3,3,3,3,3,3,3,3,3,3,3,3,3,3,3,3,3,3,3,3,3,3,3,3,3,3,3,3,3,3,3,3,3,3,3,3,3,3,2,2,2,2,4,4,4,4,0
2,2,2,2,2
3,3,3,3,3,3,3,3,3,3,3,3,3,3,3,3,3,3,3,3,3,3,3,3,3,3,3,3,3,3,3,3,3,3,3,3,3,3,3,3,3,3,3,3,3,3,3,3,3,3,3,3,3,3,3,3,3,3,3,3,3,3,3,3,3,3,3,3,3,3,3,3,3
3,3,3,3,3,3,3,3,3,3,3,3,3,3,3,3,3,3,3,3,3,3,3,3,3,3,3,3,3,3,3,3,3,3,3,3,3,3,3,3,3,3,3,3,3,3,3,3,3,3,3,3,3,3,3,3,3,3,3,3,3,3,3,3,3,3,3,3,3,3,3,3,3,3,3,3,3,3,3,3,3,3,3,3,3
1,1,1,1,4,4,0,0,0,0,0,0,1,1,5,1,1,1,1,1,2,2,2,2,2,6,6,2,2,2,2,2,6,3,3,3,3,3,3,3,3,3,3,3,3,3,3,3,3,1,1,1,1,1,1,1,1,1,1,6,6,6,6
1,1,1,1,4,0,4,4,4,2,2,4,4,4,4,4,4,0,0,0,4,4,4,4,4,4,0,0,0,0,0,2,3
3,3,3,3,3,3,3,3,3,3,3,3,3,3,3,3,3,3,3,3,3,3,3,3,3,3,3,3,3,3,3,3,3,3,3,3,3,3,3,3,3,3,3,3,3,3,3,3,3,3,3,3,3,3,3,3,3,3,3,3,3,3,3,3,3,3,3
1,1,1,1,4,4,0,0,0,0,0,0,1,1,5,1,1,1,1,1,2,2,2,2,2,6,6,2,2,2,2,2,6,3,3,3,3,3,3,3,3,3,3,3,3,3,3,3,3,1,1,1,1,1,1,1,1,1
1,1,1,1,4,4,0,0,0,0,0,0,1,1,5,1,1,1,1,1,2,2,2,2,2,6,6,2,2,2,2,2,6,3,3,3,3,3,3,3,3,3,3,3,3,3,3
4,0,0,0,0,0,0,1,1,5,5,5,5,1,5,5,5,5,5,5,5,1,5,5,5
2,4,4,0,0,0,0,4,0,0,0,0,4,0,0
1,1
4,0,0,0,0,0,0,1,1,5,5,5,5,1,5,5,5,5,5,5,5,1,5,5,5,5,1,1,5,1,1,1,5,5,5,5,5,5,1,1,1,3,3
3,3,3,3,3,3,3,3,3,3,3,3,3,3,3,3,3,4,4,4,4
1,1,1,1,4,4,0,0,0,0,0,0,1,1,5,1,1,1,1,1,2,2,2,2,2,6,6,2,2,2,2,2,6,3,3,3,3,3,3,3,3,3,3,3,3,3,3,3,3,1,1,1,1,1,1,1
1,1,1,1,4,4,0,0,0,0,0,0,1,1
3,3,3,3,3,3,3,2,2,2,2,4,0,0,3
3,3,3,3,3,3,3,3,3,3,3,3,3,3,3,3,3,3,3,3,3,3,3,3,3,3,3,3,3,3,3,3,3,3,3,3,3,3,3,3,3,3,3,3,3,3,3,3,3,3,3,3,3,3,3,3,3,3,3,3,3,3,3,3,3,3,3,3,3,3,3,3,3,3,3,3,3,3,3,3,3,3,3,3,3,3,3,3,3,3,3,3,3,3,3,3,3,3,3,3,3,3,3,3,3,3,3,3,3,3,3,3,3,3,1,1,1,1,1,1,4,4,0,1,1,1,5,1,2,2,2,2,2,2,6,6,6,6,6,6,6,2,3,7,7,7,7,7
1,1,2,2,2,2,2,2,2,2,4,4,4,4,4,0,4,4,4,4,4,4,4,0,0,0,0,4,0,0,0,0,0,0,2
3,3,3,3,3,3,3,2,2,2,2,4,0